420.202790
423.526535
423.522712
423.353592
424.521944
427.998248
430.793998
428.919640
427.242844
427.905732
426.500306
422.645060
422.804649
422.422901
421.323250
421.693200
420.279972
416.611229
415.919622
413.976754
412.828650
409.284728
408.778141
408.983475
405.834351
406.718055
404.569585
404.446433
403.172230
401.505397
400.322505
396.632684
394.701474
391.671766
389.858362
388.936649
387.208333
386.049634
383.427237
381.174679
378.436721
373.669129
374.042035
371.426775
369.228848
365.928063
364.373391
362.562975
364.529408
361.494967
357.780757
355.282594
352.956235
352.837672
351.029295
348.312193
352.326681
350.585440
353.550850
348.198150
351.933738
350.697301
349.566731
351.349532
355.919921
355.781365
359.286578
360.533457
359.535284
358.161863
358.464932
355.958808
355.401734
354.662861
354.861451
350.457671
353.163125
347.861896
347.547204
345.542469
345.830179
344.081158
340.668521
339.642700
344.177672
338.593539
335.811545
339.029618
338.259129
343.104947
338.588479
343.238991
339.477971
347.918459
350.116862
351.210401
353.229122
352.998993
351.841177
355.357804
353.307123
349.008289
352.100150
349.278810
351.133824
349.899703
344.047384
340.064490
339.406481
339.183546
337.093380
333.735041
334.272773
331.998622
331.636495
331.746380
329.439116
328.879600
330.074189
324.820837
323.062255
319.819320
324.370187
324.230553
326.205533
327.603504
329.237249
329.454225
327.677710
327.349864
321.796131
321.619928
319.817840
318.032586
319.279864
319.681578
317.592351
313.695395
311.292951
311.037835
306.665020
305.607860
305.415711
300.565474
300.530109
296.206548
298.332866
298.060915
296.570784
295.438732
295.992210
289.397932
291.478647
288.261410
289.644449
287.512223
288.278711
284.404595
285.034602
284.601299
281.116291
280.779523
280.321749
278.900468
278.101491
279.987916
279.692775
279.744618
274.940181
275.676619
273.868498
273.362337
267.943421
267.293946
268.408433
270.015507
267.529898
267.257768
265.576223
265.337950
265.412486
262.855072
260.556469
262.460618
261.550445
255.687390
258.812590
259.917059
264.722541
260.693305
259.599923
257.818208
258.682703
255.851228
254.389027
254.190933
252.218691
254.794809
252.363196
253.174082
251.183716
253.742125
245.436774
249.248116
245.464862
244.974010
244.690243
244.822973
243.286455
244.490294
241.379234
243.413797
244.692952
240.629626
239.888739
236.482498
238.659058
239.557611
240.446627
237.967787
239.263971
237.562625
235.436797
238.494098
233.116771
231.727296
234.833911
228.744297
230.674001
229.650819
229.660471
231.351556
231.139729
229.527972
228.210925
228.038839
225.502988
227.952844
228.312512
230.374597
227.075778
224.012355
226.887067
225.555048
223.613297
229.153783
229.382280
229.925867
227.811710
226.022122
225.392844
223.690683
220.411093
219.690244
221.140973
218.139996
223.614950
223.424919
223.538157
218.486617
221.804778
219.995401
223.011777
222.272127
224.251321
223.483104
224.792651
225.317651
227.917846
228.244378
231.610013
227.280041
228.195344
226.221932
225.117373
225.845687
225.142404
226.443163
226.865507
225.650009
226.997776
227.387736
228.048756
226.327250
225.961326
225.902242
227.657003
227.943743
227.354392
227.999845
228.173465
226.500994
228.127132
227.685367
230.245460
226.495389
229.290942
228.951269
229.866716
227.848436
228.755898
233.668994
232.480649
229.448440
239.440086
237.944608
237.513071
235.628506
239.606191
237.973168
239.742451
241.167088
242.312971
243.993577
243.945710
242.191097
248.452391
247.880565
246.143888
247.751223
244.697697
248.774214
246.627831
247.704087
246.153224
249.710978
251.991756
253.716554
253.261827
252.467396
249.583244
255.898628
253.312596
254.547963
253.415185
252.140619
253.184625
252.785089
253.607456
254.089030
253.540627
253.418757
252.619625
254.257571
254.053115
255.096980
255.728463
257.511488
255.867490
255.913616
252.742572
255.622974
252.422115
256.387558
256.801134
260.816395
257.704764
256.553929
256.781606
257.133646
259.340083
265.945961
267.773382
269.556329
268.370836
269.008520
269.862875
270.275300
272.661743
274.099573
272.176931
275.243295
278.204719
280.936544
283.019113
282.425459
283.707479
287.952709
286.622682
290.035290
288.871889
289.926130
291.691137
295.196680
296.532423
299.483630
298.224746
302.789593
307.349045
308.575962
309.328870
311.687007
311.918033
315.270442
315.302160
317.101936
318.615270
320.568005
322.348974
327.006759
323.449412
329.436382
327.051691
328.883802
329.441516
331.758285
334.248292
333.696409
336.229466
341.081126
343.279108
347.220829
345.662713
348.631167
354.139747
350.857196
353.843170
356.375365
359.908013
361.076245
364.127239
367.928166
365.694200
366.356419
372.974221
377.147264
378.389483
377.867839
381.052468
383.311896
380.460583
383.925028
387.852072
390.050124
394.124682
393.766518
396.977617
398.164312
400.122852
403.128808
406.781551
407.949834
409.298005
413.495808
415.298812
415.539935
417.831639
420.550350
426.654299
425.990831
430.925147
430.536316
425.977433
422.794448
427.528956
426.955109
425.838458
426.401359
428.268820
429.449549
434.032901
435.026521
438.052191
440.460798
442.774298
444.020858
446.480103
446.179653
449.154563
452.297014
453.039639
451.558673
454.834072
450.484301
459.490755
461.108146
458.028136
457.943703
460.753897
461.667404
463.907331
465.330065
466.603087
468.988421
471.044471
466.338454
468.815043
474.122534
475.153736
476.778593
477.590616
477.736099
481.493854
480.182164
485.716914
484.082693
483.083192
485.093827
485.641238
485.776023
488.796216
488.694449
487.055194
490.547101
488.863891
491.159037
491.951761
486.453153
488.705729
488.763204
492.700472
493.142346
496.359129
494.509280
496.262570
496.621031
495.061849
497.519027
494.949404
494.762258
494.429947
496.814209
498.768234
497.435521
499.111272
503.101073
502.485720
503.321038
498.881558
502.010023
505.922161
506.374825
508.375682
507.490614
513.076572
511.352985
508.648526
507.470711
501.778905
506.567572
509.909997
512.866209
513.308212
512.343451
514.493328
516.833273
516.632350
514.125110
514.498525
516.669026
517.313951
518.549139
519.024966
516.527853
518.245463
519.268872
520.934072
524.038898
521.602357
519.402340
520.750537
518.211412
512.874402
510.750884
516.058833
517.935128
519.325193
521.190238
523.844431
523.338032
524.761101
526.813768
523.553707
522.132744
522.071760
521.222008
520.480022
520.018899
522.090952
519.589808
525.180108
523.160535
522.050466
524.614426
524.397398
526.190392
525.902980
526.272358
526.240179
526.414712
524.965931
524.839008
525.058856
527.824864
527.661213
527.366080
527.334947
527.881683
526.690063
528.373741
527.333619
527.383302
526.297633
524.620755
522.966079
523.057091
525.358862
526.511067
526.585709
526.928087
527.931566
526.034745
526.605704
526.290873
528.902779
528.656594
528.181075
527.549798
530.105894
528.871951
530.084836
529.585016
528.719465
530.498481
527.914543
528.604319
526.546655
528.971649
527.207606
528.716834
531.442622
531.536533
528.356867
527.567580
528.628201
527.708515
527.422531
526.655667
529.283181
531.180134
532.730523
533.792513
533.775801
537.289618
542.742126
544.014754
547.046032
546.068357
545.805816
545.645680
545.233709
544.751653
546.275024
545.866866
542.362104
543.526232
542.600283
542.339736
544.331719
544.928465
539.732102
542.127247
538.019240
540.084698
542.340106
542.799525
541.379876
542.085253
542.426026
543.410803
542.533497
541.689618
544.773376
546.086574
545.068562
543.657204
547.144045
545.792179
547.420996
543.850314
540.102227
533.231535
538.548605
535.506377
538.414061
537.091371
538.388802
535.978080
537.138527
534.709758
535.871751
535.794332
538.001329
538.723443
537.374242
537.417590
536.277843
537.281509
539.896078
539.576745
539.062107
536.616847
541.838151
540.609608
537.855393
535.646282
535.983007
532.935429
536.629308
536.547412
537.793510
534.501657
534.586284
535.938510
533.430496
531.622051
531.328217
530.521968
529.341443
526.292189
523.480957
519.410817
509.361499
508.416885
503.214302
501.588916
502.050156
499.706838
500.820865
498.782560
497.779994
495.424788
497.982456
493.416145
495.882875
496.822386
494.201487
492.752768
488.308173
491.221240
492.586518
489.790139
488.164648
487.101601
486.476525
479.263725
477.591561
479.213559
483.251951
481.850970
480.432374
482.475273
486.845507
491.331640
499.629518
501.883534
503.457089
503.955138
507.186815
510.751476
508.786687
503.982172
504.362892
503.940964
503.769483
501.668594
498.055983
496.895791
494.276108
492.513076
491.727127
495.338410
489.021234
488.331249
488.945840
487.591042
488.999177
485.022079
482.228092
483.056648
480.083256
483.084921
484.115619
484.688573
486.416983
487.668011
491.576243
492.143515
492.774248
493.680978
497.286310
493.580238
496.070793
498.868288
500.165958
498.126167
497.250339
499.651268
498.560175
498.175376
502.022277
495.154102
498.576634
499.037003
493.763907
498.122637
499.691331
501.982417
496.749623
495.520420
496.602545
495.271556
495.673181
498.948973
497.098581
500.188102
502.304860
501.108137
502.206100
505.226670
489.300848
487.483803
486.947210
505.271890
510.299590
506.932048
507.951327
507.000435
505.818382
508.713514
507.224168
507.761185
505.132770
504.560339
504.542749
500.966341
499.672940
503.454270
501.935524
499.290700
500.632827
503.464159
502.223571
499.358796
501.657955
503.309214
504.442094
504.716807
505.056729
501.749376
503.292132
497.783358
496.837184
500.102488
501.153097
500.061367
498.358139
496.472191
498.638315
497.012136
497.820975
496.933626
494.549499
499.698022
504.365881
500.302202
494.944091
492.845152
489.978409
489.251124
491.252838
490.395614
494.851152
491.703095
491.599311
493.483269
489.350967
448.371205
446.290165
449.022563
451.744673
445.339309
448.220633
446.736575
443.744131
442.525124
446.623383
443.820312
444.099136
439.794748
439.765916
442.832126
440.019244
438.695259
438.581401
439.047382
438.312549
434.463688
439.771461
440.782007
438.096707
436.592613
437.015829
435.381451
434.033236
432.953531
433.241995
435.030032
435.430582
433.248091
433.138202
433.039433
433.011612
434.169181
430.247274
432.998951
434.070964
430.815136
428.885144
429.495377
432.313548
431.685371
430.987946
427.111483
429.104975
426.878701
425.338419
427.286509
429.408310
428.232840
422.409812
424.436767
423.784627
425.449961
420.737925
424.343456
426.617726
424.572502
423.867400
425.815828
426.783888
426.220819
426.128779
431.102274
434.184119
434.793531
432.614131
424.654775
417.177840
420.483914
419.101166
416.584208
414.780827
418.394197
415.428243
412.980078
413.944740
413.671010
413.929510
412.960433
411.159247
412.697777
407.507035
408.714288
406.088975
410.618364
405.059915
405.083866
407.049612
405.421256
406.776651
404.345714
404.421579
403.029073
403.163355
406.764726
404.755896
409.408354
413.049082
415.897359
420.890215
428.579378
430.790075
435.711982
439.639267
441.930885
445.052710
446.737502
442.525327
437.020233
430.623173
420.663551
409.588661
401.493111
394.926458
391.325920
392.540740
399.592916
405.659410
389.561371
392.793217
396.963565
395.247346
394.122353
393.728444
395.680364
395.870196
395.068703
395.663476
397.188932
397.429155
396.049959
393.382782
397.440902
398.514401
393.089555
394.194484
392.194342
392.194022
392.653084
389.602774
388.657178
387.625112
385.636018
382.555497
389.394411
382.140008
380.771067
381.006968
380.731827
381.052474
380.828204
379.256600
376.057133
380.694193
381.285290
382.170303
382.229290
381.112697
382.795224
382.924735
382.134794
382.881155
376.126412
377.711731
378.849790
380.033969
378.522002
377.333179
377.895028
378.202236
374.396686
374.142487
377.849078
377.511040
375.104959
372.456822
371.516561
365.501924
368.377785
369.421953
370.244964
370.749882
374.206960
369.737226
368.637859
369.484085
370.786970
372.027066
366.365068
368.964922
368.063828
368.959517
366.973867
371.052312
370.415874
371.023153
370.776728
371.818525
369.336104
368.731114
371.155108
368.630835
366.059198
366.704856
363.531304
365.327645
366.051613
365.608653
361.750578
365.023573
365.684835
364.631378
368.892946
369.979260
370.189708
381.217530
379.831488
367.005034
367.798902
367.366972
368.732451
366.917577
367.167138
368.441669
366.834542
365.603918
366.643444
368.051143
367.924753
369.290497
366.991541
372.764399
370.465680
375.351765
373.276854
377.098863
378.372291
378.476501
378.148699
376.801707
376.679742
379.636024
379.345097
379.183234
378.206547
381.964004
377.706549
378.775593
385.007525
384.014125
380.083766
381.039482
383.887778
385.820445
380.295059
383.414158
386.874956
384.482435
385.914906
383.665771
381.939034
383.413654
381.282662
382.003708
379.473994
376.968154
378.518166
378.942668
378.622096
378.223997
378.750812
375.294354
373.266701
375.436629
371.526994
370.808880
370.610816
370.886592
367.506171
366.947058
362.494174
364.889917
368.043302
367.313361
365.447459
368.033310
369.737620
368.154768
369.746168
369.714401
368.821767
366.866704
364.794443
362.260880
364.051208
363.354993
360.303091
363.133465
360.233420
361.300475
356.626276
353.586083
352.579801
351.254024
353.099366
352.780911
351.245793
351.406262
350.463056
350.108636
349.080411
387.533463
392.625041
346.563357
349.357250
348.953720
346.870049
346.481543
348.491920
345.409622
347.749064
347.462323
346.449735
349.424988
354.227562
351.487728
340.786116
340.494408
343.110824
343.583923
342.869956
338.832194
339.680716
379.064892
377.473551
336.958473
335.858544
331.076605
332.524540
332.827238
329.707649
329.247835
326.551844
330.065768
329.002402
328.946404
325.879597
332.419729
326.807607
325.509982
327.662299
323.993418
323.470918
323.667794
322.123983
323.020686
322.255324
317.692630
322.758316
324.707259
319.146516
318.618740
323.024853
319.695133
319.002308
318.868390
313.234868
316.420643
314.096061
313.617327
350.240351
348.064645
344.996543
349.720876
346.262873
346.241493
346.843231
344.972046
344.735295
345.417547
343.083926
341.853487
339.432899
337.872552
339.756260
342.901676
348.124702
346.170112
347.680909
345.589935
345.044864
343.498468
345.280578
338.589133
335.375338
332.646398
337.158833
333.343579
336.245238
333.480445
332.582735
332.069100
332.980551
332.144618
330.397240
327.384191
327.682878
324.879666
324.685201
326.680849
318.835692
316.327755
317.574926
320.263071
319.127842
319.529794
313.950596
318.841159
317.187759
318.612408
318.431176
317.005572
312.103015
317.346112
318.867715
313.277939
313.784836
315.261618
316.619005
317.021345
318.521318
319.533828
319.546467
320.489357
319.364431
340.305191
338.728423
339.038253
338.706467
340.432493
341.969288
344.207662
335.201273
341.952153
345.760885
347.832008
344.629785
347.037752
348.153792
346.952546
350.541146
349.777048
352.279800
354.812970
354.431548
351.843851
351.931762
353.088009
351.354151
351.518990
351.735218
350.913915
350.527674
347.579363
347.318126
348.205045
349.728936
351.858842
350.021503
352.832582
357.689587
362.632687
375.155045
384.951234
393.602132
393.757004
396.298074
397.975695
399.421995
401.497648
403.416560
401.571036
397.040832
403.591763
405.641641
404.531229
404.234285
405.148245
402.766694
402.051287
405.705884
403.874285
403.317571
403.905994
402.189987
400.365855
399.442752
400.222785
403.060966
401.250298
400.379425
399.910672
408.159023
411.286656
414.640216
416.072958
413.901506
417.762159
416.711472
418.898988
418.252878
418.588296
420.113820
419.842270
419.118643
420.146252
417.497720
413.404703
415.688821
414.336185
412.249065
411.703362
411.498674
406.326398
410.752537
406.978455
408.705958
407.489698
405.298667
411.086520
409.648537
414.918940
423.456389
431.549236
431.365968
430.077418
429.395347
429.943896
430.608358
430.633954
431.566599
431.354965
432.085066
430.155186
428.479431
427.171759
425.192585
425.541785
424.384900
423.422965
422.063152
420.567040
420.124897
419.407219
418.489959
416.652321
415.038659
416.346128
414.066146
413.022977
414.704919
413.243351
412.033050
413.594989
416.652309
415.361784
413.268233
409.642187
412.115231
413.789604
416.140688
412.763259
409.757631
407.426363
406.754190
407.414445
403.016541
401.284456
399.145028
399.814640
399.540896
396.199944
395.788420
394.997154
393.073198
393.243866
384.312940
380.561652
382.552130
377.494233
374.451105
373.027509
371.501616
377.416483
375.186225
376.629031
379.731409
375.889790
369.586146
371.240328
368.852666
366.472087
365.760806
366.122232
357.409700
358.680816
355.997258
356.479306
351.891851
352.979122
349.682767
347.251602
344.936451
341.808517
342.990445
340.370454
337.457098
340.187825
339.040019
335.759303
333.745403
337.297056
339.216827
342.460332
345.554742
345.821242
347.926940
346.677954
346.345573
348.274150
346.025784
343.152425
342.609185
342.449352
344.437494
340.377894
338.965520
334.356889
333.432010
333.913623
331.720124
331.334302
329.799625
328.104439
327.522716
328.702097
324.140142
324.512884
325.100725
323.408413
325.212541
327.148754
330.413020
331.863129
335.944806
336.630756
339.607516
338.388402
337.585483
338.349005
337.164975
334.134862
332.138276
332.816683
330.897725
329.183535
327.019252
324.709570
324.812172
323.122363
322.434588
324.681066
319.499963
318.922059
318.318553
315.887017
316.408951
312.061125
310.355092
308.511943
309.582021
308.496021
309.803446
309.393711
309.533311
311.124891
306.677572
306.652374
307.744592
306.236673
305.338219
306.056298
302.678989
303.724330
300.988699
300.283140
299.876231
298.340395
295.907728
293.132563
291.457227
292.839293
290.245692
288.836424
287.889464
284.703312
284.918336
281.109789
280.458229
281.179909
280.566128
275.539991
273.841070
276.523019
276.481603
269.729469
276.290139
275.425309
277.463396
271.371641
274.190274
271.895050
271.001891
269.075141
269.986395
267.624110
264.637763
258.442452
258.008486
260.408052
256.420364
257.640551
254.190518
255.167180
251.956632
250.517349
251.498354
250.149380
249.301806
249.741495
247.515064
249.432231
244.250683
242.792250
242.081554
240.557818
228.778815
232.078152
245.826008
245.157559
245.736940
244.011416
244.781995
238.917307
240.734606
238.279796
241.035234
238.788138
236.118449
237.379013
232.464972
234.716713
234.316881
235.431519
235.875260
232.721996
230.926892
232.023336
231.502907
229.525380
230.914816
233.167535
229.402617
232.176567
233.309259
228.751382
230.868956
229.122213
230.158481
227.902439
230.585838
227.657391
225.819966
228.968952
228.505968
229.305156
225.067403
222.083803
223.108158
220.735972
218.892858
221.957129
219.813286
219.101949
218.059635
223.711852
219.475798
219.451745
217.469014
219.684528
219.543442
218.557816
219.256223
218.913751
220.716490
220.855597
220.003568
223.242335
220.555564
220.904058
220.212048
219.828491
222.426421
216.465549
217.368222
217.926062
218.193583
217.398981
216.793717
217.065550
213.790667
217.627578
217.249848
216.470341
215.509531
218.100625
217.752595
215.165599
215.943040
212.835048
214.205480
211.822630
213.925745
216.104770
213.119283
215.484588
214.312661
212.462471
214.599886
213.065199
215.487537
215.200102
215.426128
215.956583
217.776027
215.459301
213.625945
213.516482
218.046396
213.367486
216.471342
218.687136
217.036975
216.815827
216.999202
217.135400
217.783640
218.333978
218.597203
218.591629
217.930438
223.127455
225.203780
223.093575
223.810288
224.872885
230.228496
230.278511
231.970843
231.062354
234.514344
234.999635
233.492104
239.633643
240.395728
240.266688
241.010540
237.015556
240.042064
236.827228
239.471091
239.944766
239.144472
239.048867
239.329784
241.837596
239.156680
238.886244
238.798595
241.990218
241.341153
242.660866
240.852158
246.308146
241.065771
241.054129
244.192996
246.072013
247.066730
249.992945
244.038262
246.782794
245.268931
246.643738
247.512636
246.911931
244.211222
249.223397
248.268014
249.498169
247.384150
248.918558
247.501611
249.435884
248.490688
246.270909
250.530096
250.802004
250.797608
250.870446
252.728741
252.633179
252.555243
253.512188
255.694087
256.495715
258.842011
258.939226
263.869439
266.058345
265.448109
268.638314
270.213602
276.638481
281.164868
281.852679
284.258023
283.161662
290.262212
287.874475
291.331759
294.577871
297.964228
298.908611
296.105711
297.363535
296.670611
299.572424
298.213732
302.817938
302.669991
303.421481
303.532130
305.317856
305.661950
311.776629
314.904127
313.017331
316.778769
316.492104
315.821636
320.452692
317.763562
318.681754
326.314505
325.719094
332.112584
335.708126
337.069994
339.440757
337.809912
335.254796
341.855099
348.754684
349.117298
349.920867
352.655926
351.945815
358.970626
363.302401
362.792886
364.768182
370.130218
372.775915
370.261650
372.995652
380.452843
385.158233
388.892072
390.313087
388.463102
391.233956
392.600173
390.977656
393.474341
395.256306
399.136963
399.637991
405.633118
408.440276
410.070120
409.320145
414.068016
416.709189
416.566154
420.210415
423.077173
419.122886
422.964823
428.113450
427.598541
427.424085
425.934718
425.259606
425.684177
425.039159
427.773105
429.335181
433.553670
434.721528
435.157035
437.821248
436.018680
434.039171
435.105385
437.966100
439.642730
440.106302
441.566841
440.900194
443.005137
443.281234
444.303314
448.224061
448.518919
446.112173
449.649977
453.484144
452.335218
455.269236
457.021976
458.656243
461.322940
462.385076
465.052549
464.357169
461.357268
461.643525
462.139247
468.123150
470.148787
467.607947
471.691045
473.407543
474.818574
471.350802
474.759094
478.547705
479.408534
482.314560
482.512524
482.701347
486.812681
483.208979
488.211472
489.623540
487.573323
488.970769
487.845402
486.231934
489.380767
494.802222
495.320561
495.480249
494.724226
494.622845
496.846144
494.749464
496.563446
496.261441
497.715007
497.673278
498.822346
499.162355
499.100767
499.882613
499.192495
499.812040
501.446660
496.388926
499.815524
500.189331
502.329877
499.998149
501.479759
501.382065
502.919324
500.349235
503.794871
505.964053
499.220491
498.403045
503.846825
502.483199
508.106789
506.662163
505.664123
507.866613
507.178468
507.266997
507.389854
509.985304
509.438244
507.700042
514.199708
512.185312
511.063112
511.278631
512.249756
513.648281
510.243312
508.386099
505.693059
508.408743
509.047683
511.575433
510.349602
508.335011
509.193175
515.790080
512.636080
513.323418
508.784533
514.473613
510.217713
507.194043
506.146001
509.469769
508.187012
502.476479
505.451464
510.023025
510.916485
511.924954
509.195418
509.997270
506.401426
509.198220
511.147962
513.315963
512.591907
512.074572
514.095490
510.350768
511.702604
510.750143
513.938365
513.468107
513.324341
514.535326
513.475429
513.092627
515.754810
517.812216
518.019685
515.317981
511.897224
511.130531
511.860043
512.182607
510.961718
512.140596
513.824789
513.439175
512.779434
513.686755
512.656091
510.690306
510.196110
509.245641
510.679638
510.700872
512.426099
513.614916
512.806281
510.719178
510.078069
508.062317
511.606988
510.879890
509.905944
508.030332
506.722558
508.732567
511.855309
511.510633
510.274174
511.719413
512.563272
509.369465
506.484497
506.154131
505.414149
506.492383
508.609032
511.494746
507.575462
504.162282
508.839969
508.071513
507.461858
509.111455
507.857543
509.364758
511.287392
506.231151
510.055136
507.187954
507.125355
506.858850
506.232674
504.372130
504.862827
505.484899
503.018969
508.817399
506.888793
508.637740
507.113063
504.052640
506.031812
506.955306
505.456609
507.564418
508.698375
511.922174
509.883461
507.152207
511.403562
510.542616
511.216394
510.848178
511.721341
510.525222
515.085003
516.310399
515.796269
516.346807
518.601918
517.602614
518.992193
517.918682
512.787666
514.982063
514.142770
515.685899
513.384538
514.262969
518.076380
516.434258
515.772422
512.368706
513.920157
511.969492
514.023096
512.980066
512.696963
513.245209
512.002116
510.701913
513.940106
512.134604
514.944325
513.185445
509.388633
508.986352
507.048601
507.054835
504.660447
507.037728
496.064441
493.822317
491.148139
490.778701
490.453798
487.655715
483.630026
481.394215
480.638400
481.123612
475.291810
475.419230
478.210471
479.260780
481.297347
476.640460
479.705747
478.201222
475.778342
476.096882
474.252077
476.438519
472.279454
471.301091
471.954613
467.019907
467.744113
467.370882
466.331455
466.288072
467.049494
468.247658
472.363898
480.888902
481.685314
489.511067
492.664621
489.793861
493.124950
493.595831
487.775296
488.640547
490.630105
489.017670
488.915290
488.133967
485.606869
486.672706
486.134775
486.965231
485.437695
484.325274
485.387073
481.387806
480.523062
479.369769
477.056438
475.484984
476.165071
475.087196
475.102162
480.892110
480.178037
481.715532
482.085662
488.755645
486.465490
483.059333
487.514648
485.539683
483.139295
483.720454
488.692051
487.549236
488.542554
485.607052
488.839498
489.845426
485.691976
488.671466
487.893424
487.813019
486.962948
486.633109
486.101712
486.396009
483.457779
482.089996
480.122946
481.332893
477.874610
475.363239
479.974048
479.646145
484.033962
482.505940
482.814458
484.750046
486.019871
485.441017
484.714730
485.517348
488.387793
483.135521
483.365424
484.691943
481.203959
481.123104
482.593733
480.204730
481.161932
476.205924
477.730197
478.756891
480.785716
476.781614
476.289193
477.862154
478.327164
472.078859
476.081434
475.573458
475.346018
477.881328
476.293076
477.450765
475.699261
475.757260
475.339825
479.712883
473.055130
472.057750
476.004108
475.427251
476.603635
477.194385
473.655465
475.713877
472.036910
474.160511
471.569235
473.470647
475.169555
476.104143
472.262644
469.382895
471.816431
470.733472
470.370440
468.975990
465.572528
466.841394
464.997653
463.233669
462.494285
462.716366
460.902890
461.902705
459.215081
458.024049
456.803988
455.089267
456.849685
456.191869
456.606837
455.417575
457.110301
457.059556
455.605507
452.679260
450.552652
448.474841
450.965457
450.651602
453.373165
448.844791
449.536569
448.829858
445.946097
445.662795
443.515756
446.040447
444.695175
445.537778
445.183696
446.056608
439.282229
439.981911
442.666488
440.933920
444.945238
440.731841
439.063031
440.809333
438.972644
437.823915
438.756807
438.400505
436.180262
435.127218
437.814709
437.482744
436.136668
432.877567
431.550152
432.471761
432.502422
432.671748
433.678284
430.441064
426.250400
428.792962
430.940190
427.672444
427.426532
430.061241
429.796270
424.860501
422.030942
421.778880
425.822912
424.743090
422.492834
423.544611
421.488555
424.161712
422.870645
424.546723
422.706375
420.737751
420.240883
418.927803
419.802344
420.466908
417.738120
419.065032
419.934558
417.781113
416.162761
418.768175
413.057672
413.192394
409.429786
408.571650
409.403437
407.575823
408.870758
407.852333
402.036290
402.558101
400.782168
399.099942
401.437449
392.937190
388.680371
402.076196
401.481401
403.199651
396.923601
397.931845
385.515214
385.055319
401.779651
397.870191
394.751876
395.757498
396.783241
400.726107
390.716044
387.378555
399.418084
395.124595
391.339844
386.256518
381.468929
395.132210
392.802419
391.769916
383.979306
390.801928
392.932628
391.639718
380.399690
379.491633
385.271868
383.292057
389.483692
389.835659
387.608496
388.926698
388.288185
388.993217
390.788908
389.221439
386.060102
355.120829
373.589685
375.305355
380.842114
382.819268
378.451952
373.230592
379.082718
358.061052
369.056168
379.612573
376.497770
372.947148
361.616745
373.575625
366.198805
378.877054
373.851412
374.914923
372.630892
377.186748
354.173033
366.429111
370.606161
373.712903
380.817694
377.187666
372.184872
372.240461
369.095647
379.179598
376.175600
377.849463
376.346555
377.693381
363.848815
355.891449
373.653445
371.637108
371.337233
377.753227
379.122532
376.266417
370.398601
367.577283
364.805173
373.839232
360.805645
361.776247
364.491914
368.394175
371.353876
358.930955
363.515923
366.199939
357.276930
356.600750
356.916005
367.862694
364.387232
355.022851
373.030430
365.794121
373.790045
375.146118
365.106880
367.827532
369.466551
374.962577
361.879592
368.758713
361.635498
367.969775
369.432736
374.679545
360.851721
368.766933
358.236005
366.042606
368.998136
360.093809
369.973731
364.439320
359.751457
370.567710
362.250275
371.089407
374.859809
369.457792
371.680880
372.275591
350.420382
361.144323
362.555377
369.209699
362.258493
371.047420
372.830288
357.231334
362.302308
369.759664
360.949618
371.716661
369.256628
376.211690
358.598206
376.969606
376.769799
378.068234
366.035164
376.256951
367.074267
366.425906
377.420755
377.089206
371.868044
371.505619
371.000341
370.542426
363.406651
368.659563
374.571223
366.799314
381.625857
379.896347
380.974058
373.433293
367.423147
370.365798
360.969346
380.845074
372.216973
371.922171
363.888313
364.760748
370.514233
369.762745
375.161765
365.234213
366.053696
373.391942
368.194548
350.091869
361.894363
346.250848
361.862205
366.610704
356.364313
367.880204
354.602637
363.198754
371.151210
367.787893
365.219793
350.602382
368.791413
354.544957
354.923564
367.278783
366.332723
364.369632
351.647702
362.755026
358.103080
363.094891
331.554325
352.979602
332.906689
337.294121
337.947631
349.909176
346.019190
337.726550
344.488330
339.241062
342.098381
334.520802
339.967747
338.450689
344.113197
343.198521
331.583480
337.322362
337.162512
343.328090
345.171124
330.983458
338.451292
330.544829
324.822185
330.329049
338.203386
335.833887
343.752826
337.377056
334.800276
336.612750
333.478028
337.427183
330.166224
331.746466
338.733126
331.089489
314.705243
324.901150
328.732812
332.421997
334.433233
322.115569
331.838685
310.953453
330.561040
326.177847
321.696701
320.874423
321.281996
311.764578
317.835986
328.414153
321.572074
306.936155
316.021308
314.219254
318.049584
322.003574
327.119490
317.858480
307.686334
299.670923
328.058076
314.061044
318.735079
310.853427
304.991602
321.876368
311.928687
294.707545
304.865323
294.872263
299.919461
314.965803
315.591771
302.617655
306.385667
297.684580
301.041920
292.535156
306.518259
294.854281
310.414347
305.898370
308.423438
311.108483
312.875374
305.715857
308.647698
297.648306
305.238106
295.447995
284.803691
296.834961
310.305896
309.397968
311.226380
296.911764
296.380887
304.082382
305.444683
303.367649
310.755735
303.982253
299.211847
304.327802
295.411598
304.106633
306.906248
312.739963
294.493373
304.112121
294.677880
293.401055
310.365957
310.025997
308.655334
307.306980
305.477622
301.259995
305.001711
299.967595
309.508845
308.104582
306.099930
302.080746
302.974536
310.168894
313.815020
308.740511
313.960106
315.214409
308.902760
285.895650
309.800580
304.127120
296.921303
313.962386
303.678049
305.239413
298.380566
302.211987
300.104762
325.347847
322.838288
325.126164
317.490739
304.922803
308.807279
304.404077
316.750917
314.533640
302.262896
320.880294
313.996864
313.622829
317.960005
299.768002
308.895337
313.853133
308.208858
316.192319
310.661582
306.739956
318.107629
320.847530
330.561073
327.630744
318.146711
332.989290
340.662221
353.039040
368.281939
368.153935
364.211704
370.215605
379.388877
381.767538
396.336028
373.497125
381.919211
381.021887
394.212751
396.404462
393.695395
393.799052
393.161438
387.989968
378.144372
382.920749
399.809270
379.957858
386.689542
386.629538
382.843330
380.511091
375.681539
379.162028
386.571233
382.058411
403.996316
389.440442
397.586188
410.440141
413.180062
409.130794
393.192589
410.766357
407.182209
413.449649
412.162022
402.238234
411.975676
400.367373
405.443820
395.101780
389.129609
413.059777
404.675739
405.825708
406.299388
395.489617
395.212234
384.030314
391.476074
381.509139
395.625769
400.901185
382.069145
387.922527
406.014356
424.640111
431.588563
434.665723
435.197326
437.229698
416.644165
408.755283
415.174474
421.648433
412.712078
396.318331
380.189845
369.984460
361.619483
361.381512
360.378026
363.007799
365.297796
370.423326
378.643171
384.055325
391.105390
398.344250
403.046966
407.235839
407.225029
404.352512
403.378197
410.474195
398.396660
414.314339
407.768504
409.653798
390.644024
392.035053
412.074599
415.555609
412.303481
401.919171
400.439621
400.976899
403.538775
390.129506
391.448410
391.819754
401.383735
388.005327
380.010985
378.194887
369.729491
378.440730
383.662201
375.699145
378.269786
375.454348
362.765988
371.814955
367.216865
374.244438
359.397621
353.864585
363.133658
347.848566
350.951987
355.880909
349.754488
349.492670
341.910748
342.552482
336.494028
339.977536
336.079504
327.511989
324.696507
336.421262
332.809030
332.737529
320.746093
327.052567
309.251336
317.258711
309.418531
310.945607
311.571078
314.881528
319.538888
325.590845
301.886709
302.249099
298.147213
303.701763
323.337330
311.692149
312.155485
307.543094
315.615765
305.780125
318.396454
302.199071
321.263251
299.301382
309.095689
304.944760
320.216152
316.887097
318.295205
312.087061
306.121801
317.357734
293.304378
298.033073
291.945510
282.423316
292.525027
291.935280
275.581918
286.013597
289.707565
294.700865
293.991109
295.385010
307.884096
294.586091
294.203595
295.033942
304.067290
314.051283
312.885289
312.647508
308.849689
305.896018
308.781002
296.848915
312.434679
305.021930
308.883890
293.767470
299.017500
301.751561
279.743465
284.101697
291.855534
288.185623
280.927286
287.505949
266.895073
273.972475
259.979577
270.351181
281.043879
270.127265
273.531596
276.887630
267.840490
266.552999
282.859674
287.420104
284.928625
280.560834
284.269247
272.300903
267.835440
265.288780
267.608699
259.594365
249.685574
250.218521
243.797406
243.663155
247.445946
230.674984
227.841303
246.395997
255.361975
258.755256
242.123596
245.162513
239.582071
233.612465
222.260753
239.957805
239.674117
239.145236
244.434426
224.400155
236.240420
232.113681
218.783427
218.028416
216.108257
234.738149
235.895462
231.334436
231.521409
228.326633
224.302502
228.547528
225.690818
222.708183
227.251919
224.974342
203.595344
205.556370
216.025112
208.800185
210.675774
206.764398
211.026033
208.857082
207.765249
208.638845
190.974925
193.013105
203.304084
195.699406
192.594521
187.080029
199.133609
187.083189
181.877313
185.667187
180.989246
188.661163
178.300560
181.507916
192.162669
179.261135
189.845214
178.740999
191.406423
173.712404
180.826448
185.204285
173.749067
172.767977
167.743855
180.578277
170.913217
176.670275
178.140924
167.445717
172.765620
170.883474
163.969390
161.239603
158.563526
155.132312
160.865333
170.778029
158.204001
166.384039
165.048760
151.262013
166.835937
154.174058
161.739154
148.531506
168.615637
158.130196
160.662384
157.411504
162.403897
155.270856
164.424377
163.174186
175.403919
161.570689
148.730007
153.779552
156.538890
150.491525
157.312916
156.000138
156.590613
143.235591
146.257603
146.913723
146.856136
156.780614
149.934058
154.840439
155.292220
159.082583
146.841184
154.004707
159.546658
142.792495
149.503542
159.444250
145.522389
150.978262
154.664514
148.639800
161.528473
155.149557
140.140297
147.885271
154.473057
144.798355
165.936525
146.184157
147.832492
150.601838
138.338646
136.353481
135.592868
152.572427
136.318941
138.453813
147.969797
143.171726
143.340392
145.374339
135.764108
135.327113
133.870863
126.683265
149.256485
139.553876
148.063078
142.309890
126.134419
131.869609
144.605698
128.174182
132.534830
138.776426
145.700448
125.280098
140.234670
129.599831
136.367264
146.453251
141.316491
149.179640
144.509506
149.267314
133.192030
137.740166
134.023690
134.482822
155.659191
149.447993
134.334496
141.328284
142.101018
149.752852
144.952174
143.706328
139.289973
138.502453
146.815288
135.607093
152.575661
138.052148
147.922390
132.504425
144.145572
130.325150
152.539295
131.828332
142.096422
151.196067
134.225465
141.165079
127.862662
133.214440
125.753008
135.667781
130.118505
144.731424
130.886041
141.064765
140.485684
125.181960
128.233518
135.246961
139.284507
121.786225
134.933740
125.341264
130.240737
141.643285
131.646774
134.399609
137.054853
125.695529
127.606543
131.242585
139.907247
144.210636
131.955873
127.839618
135.242648
127.907592
142.840687
134.779972
143.583248
129.248634
127.501158
129.731821
130.597000
130.284873
137.125541
140.136196
139.679555
136.869936
138.291960
141.286920
130.846470
149.398829
140.113380
135.312711
137.682933
137.542120
143.436171
146.259782
156.000709
144.853922
147.739428
149.315286
139.020137
162.732247
150.828322
152.085703
157.033009
159.485191
140.713608
154.884563
143.018772
156.540396
165.111039
147.695030
151.981837
152.525986
150.278270
156.592010
166.512042
162.912899
175.595095
158.921927
160.767691
168.598905
158.897161
165.390812
175.570791
166.801953
162.040277
171.771175
167.546140
165.116864
185.381033
178.090724
170.345793
165.813684
175.808994
170.108278
177.056352
187.200466
194.254181
182.556980
184.124395
194.072099
188.931427
177.734908
183.742119
206.409757
186.352454
191.398474
189.827403
190.795746
200.464299
189.279603
208.701222
200.247287
206.332763
198.236954
215.346499
217.166049
197.663039
189.655582
192.023288
188.782936
192.035203
192.410887
204.315759
200.927794
214.158489
196.603606
198.829164
199.204696
204.650226
203.274195
212.372824
217.349025
203.716643
216.138551
215.946859
206.174419
215.769857
217.707335
234.316740
235.269949
222.287383
234.765692
225.590019
231.180267
245.580385
230.405464
224.511082
223.826415
223.892397
233.318411
237.652987
227.457453
233.293005
225.192877
227.141540
229.030407
235.123121
232.650671
242.585804
243.608519
233.275087
250.189255
236.650319
245.940694
237.764192
256.647261
244.183912
246.190067
240.776713
240.743287
240.862526
247.132235
266.436210
263.241564
245.877076
249.316698
253.639075
248.263586
253.885726
269.509279
260.428303
252.596339
271.022714
256.139449
256.800354
273.005624
284.370734
274.406478
260.683571
272.960295
261.155427
261.713984
278.840020
275.146850
275.338280
263.441584
263.922551
265.718013
277.272299
271.057849
271.740806
270.514575
278.297922
268.481798
274.758344
273.209207
282.316346
306.410371
266.813592
247.578191
284.294138
312.133071
320.668655
319.517996
321.202996
323.809699
324.823351
325.929069
318.769029
319.105959
319.292703
318.810944
319.323864
317.655860
323.787424
324.217740
318.643031
318.517730
321.770368
321.532309
322.175388
321.579319
324.887612