   4.20202790000000e+02
   4.23526535000000e+02
   4.23522712000000e+02
   4.23353592000000e+02
   4.24521944000000e+02
   4.27998248000000e+02
   4.30793998000000e+02
   4.28919640000000e+02
   4.27242844000000e+02
   4.27905732000000e+02
   4.26500306000000e+02
   4.22645060000000e+02
   4.22804649000000e+02
   4.22422901000000e+02
   4.21323250000000e+02
   4.21693200000000e+02
   4.20279972000000e+02
   4.16611229000000e+02
   4.15919622000000e+02
   4.13976754000000e+02
   4.12828650000000e+02
   4.09284728000000e+02
   4.08778141000000e+02
   4.08983475000000e+02
   4.05834351000000e+02
   4.06718055000000e+02
   4.04569585000000e+02
   4.04446433000000e+02
   4.03172230000000e+02
   4.01505397000000e+02
   4.00322505000000e+02
   3.96632684000000e+02
   3.94701474000000e+02
   3.91671766000000e+02
   3.89858362000000e+02
   3.88936649000000e+02
   3.87208333000000e+02
   3.86049634000000e+02
   3.83427237000000e+02
   3.81174679000000e+02
   3.78436721000000e+02
   3.73669129000000e+02
   3.74042035000000e+02
   3.71426775000000e+02
   3.69228848000000e+02
   3.65928063000000e+02
   3.64373391000000e+02
   3.62562975000000e+02
   3.64529408000000e+02
   3.61494967000000e+02
   3.57780757000000e+02
   3.55282594000000e+02
   3.52956235000000e+02
   3.52837672000000e+02
   3.51029295000000e+02
   3.48312193000000e+02
   3.52326681000000e+02
   3.50585440000000e+02
   3.53550850000000e+02
   3.48198150000000e+02
   3.51933738000000e+02
   3.50697301000000e+02
   3.49566731000000e+02
   3.51349532000000e+02
   3.55919921000000e+02
   3.55781365000000e+02
   3.59286578000000e+02
   3.60533457000000e+02
   3.59535284000000e+02
   3.58161863000000e+02
   3.58464932000000e+02
   3.55958808000000e+02
   3.55401734000000e+02
   3.54662861000000e+02
   3.54861451000000e+02
   3.50457671000000e+02
   3.53163125000000e+02
   3.47861896000000e+02
   3.47547204000000e+02
   3.45542469000000e+02
   3.45830179000000e+02
   3.44081158000000e+02
   3.40668521000000e+02
   3.39642700000000e+02
   3.44177672000000e+02
   3.38593539000000e+02
   3.35811545000000e+02
   3.39029618000000e+02
   3.38259129000000e+02
   3.43104947000000e+02
   3.38588479000000e+02
   3.43238991000000e+02
   3.39477971000000e+02
   3.47918459000000e+02
   3.50116862000000e+02
   3.51210401000000e+02
   3.53229122000000e+02
   3.52998993000000e+02
   3.51841177000000e+02
   3.55357804000000e+02
   3.53307123000000e+02
   3.49008289000000e+02
   3.52100150000000e+02
   3.49278810000000e+02
   3.51133824000000e+02
   3.49899703000000e+02
   3.44047384000000e+02
   3.40064490000000e+02
   3.39406481000000e+02
   3.39183546000000e+02
   3.37093380000000e+02
   3.33735041000000e+02
   3.34272773000000e+02
   3.31998622000000e+02
   3.31636495000000e+02
   3.31746380000000e+02
   3.29439116000000e+02
   3.28879600000000e+02
   3.30074189000000e+02
   3.24820837000000e+02
   3.23062255000000e+02
   3.19819320000000e+02
   3.24370187000000e+02
   3.24230553000000e+02
   3.26205533000000e+02
   3.27603504000000e+02
   3.29237249000000e+02
   3.29454225000000e+02
   3.27677710000000e+02
   3.27349864000000e+02
   3.21796131000000e+02
   3.21619928000000e+02
   3.19817840000000e+02
   3.18032586000000e+02
   3.19279864000000e+02
   3.19681578000000e+02
   3.17592351000000e+02
   3.13695395000000e+02
   3.11292951000000e+02
   3.11037835000000e+02
   3.06665020000000e+02
   3.05607860000000e+02
   3.05415711000000e+02
   3.00565474000000e+02
   3.00530109000000e+02
   2.96206548000000e+02
   2.98332866000000e+02
   2.98060915000000e+02
   2.96570784000000e+02
   2.95438732000000e+02
   2.95992210000000e+02
   2.89397932000000e+02
   2.91478647000000e+02
   2.88261410000000e+02
   2.89644449000000e+02
   2.87512223000000e+02
   2.88278711000000e+02
   2.84404595000000e+02
   2.85034602000000e+02
   2.84601299000000e+02
   2.81116291000000e+02
   2.80779523000000e+02
   2.80321749000000e+02
   2.78900468000000e+02
   2.78101491000000e+02
   2.79987916000000e+02
   2.79692775000000e+02
   2.79744618000000e+02
   2.74940181000000e+02
   2.75676619000000e+02
   2.73868498000000e+02
   2.73362337000000e+02
   2.67943421000000e+02
   2.67293946000000e+02
   2.68408433000000e+02
   2.70015507000000e+02
   2.67529898000000e+02
   2.67257768000000e+02
   2.65576223000000e+02
   2.65337950000000e+02
   2.65412486000000e+02
   2.62855072000000e+02
   2.60556469000000e+02
   2.62460618000000e+02
   2.61550445000000e+02
   2.55687390000000e+02
   2.58812590000000e+02
   2.59917059000000e+02
   2.64722541000000e+02
   2.60693305000000e+02
   2.59599923000000e+02
   2.57818208000000e+02
   2.58682703000000e+02
   2.55851228000000e+02
   2.54389027000000e+02
   2.54190933000000e+02
   2.52218691000000e+02
   2.54794809000000e+02
   2.52363196000000e+02
   2.53174082000000e+02
   2.51183716000000e+02
   2.53742125000000e+02
   2.45436774000000e+02
   2.49248116000000e+02
   2.45464862000000e+02
   2.44974010000000e+02
   2.44690243000000e+02
   2.44822973000000e+02
   2.43286455000000e+02
   2.44490294000000e+02
   2.41379234000000e+02
   2.43413797000000e+02
   2.44692952000000e+02
   2.40629626000000e+02
   2.39888739000000e+02
   2.36482498000000e+02
   2.38659058000000e+02
   2.39557611000000e+02
   2.40446627000000e+02
   2.37967787000000e+02
   2.39263971000000e+02
   2.37562625000000e+02
   2.35436797000000e+02
   2.38494098000000e+02
   2.33116771000000e+02
   2.31727296000000e+02
   2.34833911000000e+02
   2.28744297000000e+02
   2.30674001000000e+02
   2.29650819000000e+02
   2.29660471000000e+02
   2.31351556000000e+02
   2.31139729000000e+02
   2.29527972000000e+02
   2.28210925000000e+02
   2.28038839000000e+02
   2.25502988000000e+02
   2.27952844000000e+02
   2.28312512000000e+02
   2.30374597000000e+02
   2.27075778000000e+02
   2.24012355000000e+02
   2.26887067000000e+02
   2.25555048000000e+02
   2.23613297000000e+02
   2.29153783000000e+02
   2.29382280000000e+02
   2.29925867000000e+02
   2.27811710000000e+02
   2.26022122000000e+02
   2.25392844000000e+02
   2.23690683000000e+02
   2.20411093000000e+02
   2.19690244000000e+02
   2.21140973000000e+02
   2.18139996000000e+02
   2.23614950000000e+02
   2.23424919000000e+02
   2.23538157000000e+02
   2.18486617000000e+02
   2.21804778000000e+02
   2.19995401000000e+02
   2.23011777000000e+02
   2.22272127000000e+02
   2.24251321000000e+02
   2.23483104000000e+02
   2.24792651000000e+02
   2.25317651000000e+02
   2.27917846000000e+02
   2.28244378000000e+02
   2.31610013000000e+02
   2.27280041000000e+02
   2.28195344000000e+02
   2.26221932000000e+02
   2.25117373000000e+02
   2.25845687000000e+02
   2.25142404000000e+02
   2.26443163000000e+02
   2.26865507000000e+02
   2.25650009000000e+02
   2.26997776000000e+02
   2.27387736000000e+02
   2.28048756000000e+02
   2.26327250000000e+02
   2.25961326000000e+02
   2.25902242000000e+02
   2.27657003000000e+02
   2.27943743000000e+02
   2.27354392000000e+02
   2.27999845000000e+02
   2.28173465000000e+02
   2.26500994000000e+02
   2.28127132000000e+02
   2.27685367000000e+02
   2.30245460000000e+02
   2.26495389000000e+02
   2.29290942000000e+02
   2.28951269000000e+02
   2.29866716000000e+02
   2.27848436000000e+02
   2.28755898000000e+02
   2.33668994000000e+02
   2.32480649000000e+02
   2.29448440000000e+02
   2.39440086000000e+02
   2.37944608000000e+02
   2.37513071000000e+02
   2.35628506000000e+02
   2.39606191000000e+02
   2.37973168000000e+02
   2.39742451000000e+02
   2.41167088000000e+02
   2.42312971000000e+02
   2.43993577000000e+02
   2.43945710000000e+02
   2.42191097000000e+02
   2.48452391000000e+02
   2.47880565000000e+02
   2.46143888000000e+02
   2.47751223000000e+02
   2.44697697000000e+02
   2.48774214000000e+02
   2.46627831000000e+02
   2.47704087000000e+02
   2.46153224000000e+02
   2.49710978000000e+02
   2.51991756000000e+02
   2.53716554000000e+02
   2.53261827000000e+02
   2.52467396000000e+02
   2.49583244000000e+02
   2.55898628000000e+02
   2.53312596000000e+02
   2.54547963000000e+02
   2.53415185000000e+02
   2.52140619000000e+02
   2.53184625000000e+02
   2.52785089000000e+02
   2.53607456000000e+02
   2.54089030000000e+02
   2.53540627000000e+02
   2.53418757000000e+02
   2.52619625000000e+02
   2.54257571000000e+02
   2.54053115000000e+02
   2.55096980000000e+02
   2.55728463000000e+02
   2.57511488000000e+02
   2.55867490000000e+02
   2.55913616000000e+02
   2.52742572000000e+02
   2.55622974000000e+02
   2.52422115000000e+02
   2.56387558000000e+02
   2.56801134000000e+02
   2.60816395000000e+02
   2.57704764000000e+02
   2.56553929000000e+02
   2.56781606000000e+02
   2.57133646000000e+02
   2.59340083000000e+02
   2.65945961000000e+02
   2.67773382000000e+02
   2.69556329000000e+02
   2.68370836000000e+02
   2.69008520000000e+02
   2.69862875000000e+02
   2.70275300000000e+02
   2.72661743000000e+02
   2.74099573000000e+02
   2.72176931000000e+02
   2.75243295000000e+02
   2.78204719000000e+02
   2.80936544000000e+02
   2.83019113000000e+02
   2.82425459000000e+02
   2.83707479000000e+02
   2.87952709000000e+02
   2.86622682000000e+02
   2.90035290000000e+02
   2.88871889000000e+02
   2.89926130000000e+02
   2.91691137000000e+02
   2.95196680000000e+02
   2.96532423000000e+02
   2.99483630000000e+02
   2.98224746000000e+02
   3.02789593000000e+02
   3.07349045000000e+02
   3.08575962000000e+02
   3.09328870000000e+02
   3.11687007000000e+02
   3.11918033000000e+02
   3.15270442000000e+02
   3.15302160000000e+02
   3.17101936000000e+02
   3.18615270000000e+02
   3.20568005000000e+02
   3.22348974000000e+02
   3.27006759000000e+02
   3.23449412000000e+02
   3.29436382000000e+02
   3.27051691000000e+02
   3.28883802000000e+02
   3.29441516000000e+02
   3.31758285000000e+02
   3.34248292000000e+02
   3.33696409000000e+02
   3.36229466000000e+02
   3.41081126000000e+02
   3.43279108000000e+02
   3.47220829000000e+02
   3.45662713000000e+02
   3.48631167000000e+02
   3.54139747000000e+02
   3.50857196000000e+02
   3.53843170000000e+02
   3.56375365000000e+02
   3.59908013000000e+02
   3.61076245000000e+02
   3.64127239000000e+02
   3.67928166000000e+02
   3.65694200000000e+02
   3.66356419000000e+02
   3.72974221000000e+02
   3.77147264000000e+02
   3.78389483000000e+02
   3.77867839000000e+02
   3.81052468000000e+02
   3.83311896000000e+02
   3.80460583000000e+02
   3.83925028000000e+02
   3.87852072000000e+02
   3.90050124000000e+02
   3.94124682000000e+02
   3.93766518000000e+02
   3.96977617000000e+02
   3.98164312000000e+02
   4.00122852000000e+02
   4.03128808000000e+02
   4.06781551000000e+02
   4.07949834000000e+02
   4.09298005000000e+02
   4.13495808000000e+02
   4.15298812000000e+02
   4.15539935000000e+02
   4.17831639000000e+02
   4.20550350000000e+02
   4.26654299000000e+02
   4.25990831000000e+02
   4.30925147000000e+02
   4.30536316000000e+02
   4.25977433000000e+02
   4.22794448000000e+02
   4.27528956000000e+02
   4.26955109000000e+02
   4.25838458000000e+02
   4.26401359000000e+02
   4.28268820000000e+02
   4.29449549000000e+02
   4.34032901000000e+02
   4.35026521000000e+02
   4.38052191000000e+02
   4.40460798000000e+02
   4.42774298000000e+02
   4.44020858000000e+02
   4.46480103000000e+02
   4.46179653000000e+02
   4.49154563000000e+02
   4.52297014000000e+02
   4.53039639000000e+02
   4.51558673000000e+02
   4.54834072000000e+02
   4.50484301000000e+02
   4.59490755000000e+02
   4.61108146000000e+02
   4.58028136000000e+02
   4.57943703000000e+02
   4.60753897000000e+02
   4.61667404000000e+02
   4.63907331000000e+02
   4.65330065000000e+02
   4.66603087000000e+02
   4.68988421000000e+02
   4.71044471000000e+02
   4.66338454000000e+02
   4.68815043000000e+02
   4.74122534000000e+02
   4.75153736000000e+02
   4.76778593000000e+02
   4.77590616000000e+02
   4.77736099000000e+02
   4.81493854000000e+02
   4.80182164000000e+02
   4.85716914000000e+02
   4.84082693000000e+02
   4.83083192000000e+02
   4.85093827000000e+02
   4.85641238000000e+02
   4.85776023000000e+02
   4.88796216000000e+02
   4.88694449000000e+02
   4.87055194000000e+02
   4.90547101000000e+02
   4.88863891000000e+02
   4.91159037000000e+02
   4.91951761000000e+02
   4.86453153000000e+02
   4.88705729000000e+02
   4.88763204000000e+02
   4.92700472000000e+02
   4.93142346000000e+02
   4.96359129000000e+02
   4.94509280000000e+02
   4.96262570000000e+02
   4.96621031000000e+02
   4.95061849000000e+02
   4.97519027000000e+02
   4.94949404000000e+02
   4.94762258000000e+02
   4.94429947000000e+02
   4.96814209000000e+02
   4.98768234000000e+02
   4.97435521000000e+02
   4.99111272000000e+02
   5.03101073000000e+02
   5.02485720000000e+02
   5.03321038000000e+02
   4.98881558000000e+02
   5.02010023000000e+02
   5.05922161000000e+02
   5.06374825000000e+02
   5.08375682000000e+02
   5.07490614000000e+02
   5.13076572000000e+02
   5.11352985000000e+02
   5.08648526000000e+02
   5.07470711000000e+02
   5.01778905000000e+02
   5.06567572000000e+02
   5.09909997000000e+02
   5.12866209000000e+02
   5.13308212000000e+02
   5.12343451000000e+02
   5.14493328000000e+02
   5.16833273000000e+02
   5.16632350000000e+02
   5.14125110000000e+02
   5.14498525000000e+02
   5.16669026000000e+02
   5.17313951000000e+02
   5.18549139000000e+02
   5.19024966000000e+02
   5.16527853000000e+02
   5.18245463000000e+02
   5.19268872000000e+02
   5.20934072000000e+02
   5.24038898000000e+02
   5.21602357000000e+02
   5.19402340000000e+02
   5.20750537000000e+02
   5.18211412000000e+02
   5.12874402000000e+02
   5.10750884000000e+02
   5.16058833000000e+02
   5.17935128000000e+02
   5.19325193000000e+02
   5.21190238000000e+02
   5.23844431000000e+02
   5.23338032000000e+02
   5.24761101000000e+02
   5.26813768000000e+02
   5.23553707000000e+02
   5.22132744000000e+02
   5.22071760000000e+02
   5.21222008000000e+02
   5.20480022000000e+02
   5.20018899000000e+02
   5.22090952000000e+02
   5.19589808000000e+02
   5.25180108000000e+02
   5.23160535000000e+02
   5.22050466000000e+02
   5.24614426000000e+02
   5.24397398000000e+02
   5.26190392000000e+02
   5.25902980000000e+02
   5.26272358000000e+02
   5.26240179000000e+02
   5.26414712000000e+02
   5.24965931000000e+02
   5.24839008000000e+02
   5.25058856000000e+02
   5.27824864000000e+02
   5.27661213000000e+02
   5.27366080000000e+02
   5.27334947000000e+02
   5.27881683000000e+02
   5.26690063000000e+02
   5.28373741000000e+02
   5.27333619000000e+02
   5.27383302000000e+02
   5.26297633000000e+02
   5.24620755000000e+02
   5.22966079000000e+02
   5.23057091000000e+02
   5.25358862000000e+02
   5.26511067000000e+02
   5.26585709000000e+02
   5.26928087000000e+02
   5.27931566000000e+02
   5.26034745000000e+02
   5.26605704000000e+02
   5.26290873000000e+02
   5.28902779000000e+02
   5.28656594000000e+02
   5.28181075000000e+02
   5.27549798000000e+02
   5.30105894000000e+02
   5.28871951000000e+02
   5.30084836000000e+02
   5.29585016000000e+02
   5.28719465000000e+02
   5.30498481000000e+02
   5.27914543000000e+02
   5.28604319000000e+02
   5.26546655000000e+02
   5.28971649000000e+02
   5.27207606000000e+02
   5.28716834000000e+02
   5.31442622000000e+02
   5.31536533000000e+02
   5.28356867000000e+02
   5.27567580000000e+02
   5.28628201000000e+02
   5.27708515000000e+02
   5.27422531000000e+02
   5.26655667000000e+02
   5.29283181000000e+02
   5.31180134000000e+02
   5.32730523000000e+02
   5.33792513000000e+02
   5.33775801000000e+02
   5.37289618000000e+02
   5.42742126000000e+02
   5.44014754000000e+02
   5.47046032000000e+02
   5.46068357000000e+02
   5.45805816000000e+02
   5.45645680000000e+02
   5.45233709000000e+02
   5.44751653000000e+02
   5.46275024000000e+02
   5.45866866000000e+02
   5.42362104000000e+02
   5.43526232000000e+02
   5.42600283000000e+02
   5.42339736000000e+02
   5.44331719000000e+02
   5.44928465000000e+02
   5.39732102000000e+02
   5.42127247000000e+02
   5.38019240000000e+02
   5.40084698000000e+02
   5.42340106000000e+02
   5.42799525000000e+02
   5.41379876000000e+02
   5.42085253000000e+02
   5.42426026000000e+02
   5.43410803000000e+02
   5.42533497000000e+02
   5.41689618000000e+02
   5.44773376000000e+02
   5.46086574000000e+02
   5.45068562000000e+02
   5.43657204000000e+02
   5.47144045000000e+02
   5.45792179000000e+02
   5.47420996000000e+02
   5.43850314000000e+02
   5.40102227000000e+02
   5.33231535000000e+02
   5.38548605000000e+02
   5.35506377000000e+02
   5.38414061000000e+02
   5.37091371000000e+02
   5.38388802000000e+02
   5.35978080000000e+02
   5.37138527000000e+02
   5.34709758000000e+02
   5.35871751000000e+02
   5.35794332000000e+02
   5.38001329000000e+02
   5.38723443000000e+02
   5.37374242000000e+02
   5.37417590000000e+02
   5.36277843000000e+02
   5.37281509000000e+02
   5.39896078000000e+02
   5.39576745000000e+02
   5.39062107000000e+02
   5.36616847000000e+02
   5.41838151000000e+02
   5.40609608000000e+02
   5.37855393000000e+02
   5.35646282000000e+02
   5.35983007000000e+02
   5.32935429000000e+02
   5.36629308000000e+02
   5.36547412000000e+02
   5.37793510000000e+02
   5.34501657000000e+02
   5.34586284000000e+02
   5.35938510000000e+02
   5.33430496000000e+02
   5.31622051000000e+02
   5.31328217000000e+02
   5.30521968000000e+02
   5.29341443000000e+02
   5.26292189000000e+02
   5.23480957000000e+02
   5.19410817000000e+02
   5.09361499000000e+02
   5.08416885000000e+02
   5.03214302000000e+02
   5.01588916000000e+02
   5.02050156000000e+02
   4.99706838000000e+02
   5.00820865000000e+02
   4.98782560000000e+02
   4.97779994000000e+02
   4.95424788000000e+02
   4.97982456000000e+02
   4.93416145000000e+02
   4.95882875000000e+02
   4.96822386000000e+02
   4.94201487000000e+02
   4.92752768000000e+02
   4.88308173000000e+02
   4.91221240000000e+02
   4.92586518000000e+02
   4.89790139000000e+02
   4.88164648000000e+02
   4.87101601000000e+02
   4.86476525000000e+02
   4.79263725000000e+02
   4.77591561000000e+02
   4.79213559000000e+02
   4.83251951000000e+02
   4.81850970000000e+02
   4.80432374000000e+02
   4.82475273000000e+02
   4.86845507000000e+02
   4.91331640000000e+02
   4.99629518000000e+02
   5.01883534000000e+02
   5.03457089000000e+02
   5.03955138000000e+02
   5.07186815000000e+02
   5.10751476000000e+02
   5.08786687000000e+02
   5.03982172000000e+02
   5.04362892000000e+02
   5.03940964000000e+02
   5.03769483000000e+02
   5.01668594000000e+02
   4.98055983000000e+02
   4.96895791000000e+02
   4.94276108000000e+02
   4.92513076000000e+02
   4.91727127000000e+02
   4.95338410000000e+02
   4.89021234000000e+02
   4.88331249000000e+02
   4.88945840000000e+02
   4.87591042000000e+02
   4.88999177000000e+02
   4.85022079000000e+02
   4.82228092000000e+02
   4.83056648000000e+02
   4.80083256000000e+02
   4.83084921000000e+02
   4.84115619000000e+02
   4.84688573000000e+02
   4.86416983000000e+02
   4.87668011000000e+02
   4.91576243000000e+02
   4.92143515000000e+02
   4.92774248000000e+02
   4.93680978000000e+02
   4.97286310000000e+02
   4.93580238000000e+02
   4.96070793000000e+02
   4.98868288000000e+02
   5.00165958000000e+02
   4.98126167000000e+02
   4.97250339000000e+02
   4.99651268000000e+02
   4.98560175000000e+02
   4.98175376000000e+02
   5.02022277000000e+02
   4.95154102000000e+02
   4.98576634000000e+02
   4.99037003000000e+02
   4.93763907000000e+02
   4.98122637000000e+02
   4.99691331000000e+02
   5.01982417000000e+02
   4.96749623000000e+02
   4.95520420000000e+02
   4.96602545000000e+02
   4.95271556000000e+02
   4.95673181000000e+02
   4.98948973000000e+02
   4.97098581000000e+02
   5.00188102000000e+02
   5.02304860000000e+02
   5.01108137000000e+02
   5.02206100000000e+02
   5.05226670000000e+02
   4.89300848000000e+02
   4.87483803000000e+02
   4.86947210000000e+02
   5.05271890000000e+02
   5.10299590000000e+02
   5.06932048000000e+02
   5.07951327000000e+02
   5.07000435000000e+02
   5.05818382000000e+02
   5.08713514000000e+02
   5.07224168000000e+02
   5.07761185000000e+02
   5.05132770000000e+02
   5.04560339000000e+02
   5.04542749000000e+02
   5.00966341000000e+02
   4.99672940000000e+02
   5.03454270000000e+02
   5.01935524000000e+02
   4.99290700000000e+02
   5.00632827000000e+02
   5.03464159000000e+02
   5.02223571000000e+02
   4.99358796000000e+02
   5.01657955000000e+02
   5.03309214000000e+02
   5.04442094000000e+02
   5.04716807000000e+02
   5.05056729000000e+02
   5.01749376000000e+02
   5.03292132000000e+02
   4.97783358000000e+02
   4.96837184000000e+02
   5.00102488000000e+02
   5.01153097000000e+02
   5.00061367000000e+02
   4.98358139000000e+02
   4.96472191000000e+02
   4.98638315000000e+02
   4.97012136000000e+02
   4.97820975000000e+02
   4.96933626000000e+02
   4.94549499000000e+02
   4.99698022000000e+02
   5.04365881000000e+02
   5.00302202000000e+02
   4.94944091000000e+02
   4.92845152000000e+02
   4.89978409000000e+02
   4.89251124000000e+02
   4.91252838000000e+02
   4.90395614000000e+02
   4.94851152000000e+02
   4.91703095000000e+02
   4.91599311000000e+02
   4.93483269000000e+02
   4.89350967000000e+02
   4.48371205000000e+02
   4.46290165000000e+02
   4.49022563000000e+02
   4.51744673000000e+02
   4.45339309000000e+02
   4.48220633000000e+02
   4.46736575000000e+02
   4.43744131000000e+02
   4.42525124000000e+02
   4.46623383000000e+02
   4.43820312000000e+02
   4.44099136000000e+02
   4.39794748000000e+02
   4.39765916000000e+02
   4.42832126000000e+02
   4.40019244000000e+02
   4.38695259000000e+02
   4.38581401000000e+02
   4.39047382000000e+02
   4.38312549000000e+02
   4.34463688000000e+02
   4.39771461000000e+02
   4.40782007000000e+02
   4.38096707000000e+02
   4.36592613000000e+02
   4.37015829000000e+02
   4.35381451000000e+02
   4.34033236000000e+02
   4.32953531000000e+02
   4.33241995000000e+02
   4.35030032000000e+02
   4.35430582000000e+02
   4.33248091000000e+02
   4.33138202000000e+02
   4.33039433000000e+02
   4.33011612000000e+02
   4.34169181000000e+02
   4.30247274000000e+02
   4.32998951000000e+02
   4.34070964000000e+02
   4.30815136000000e+02
   4.28885144000000e+02
   4.29495377000000e+02
   4.32313548000000e+02
   4.31685371000000e+02
   4.30987946000000e+02
   4.27111483000000e+02
   4.29104975000000e+02
   4.26878701000000e+02
   4.25338419000000e+02
   4.27286509000000e+02
   4.29408310000000e+02
   4.28232840000000e+02
   4.22409812000000e+02
   4.24436767000000e+02
   4.23784627000000e+02
   4.25449961000000e+02
   4.20737925000000e+02
   4.24343456000000e+02
   4.26617726000000e+02
   4.24572502000000e+02
   4.23867400000000e+02
   4.25815828000000e+02
   4.26783888000000e+02
   4.26220819000000e+02
   4.26128779000000e+02
   4.31102274000000e+02
   4.34184119000000e+02
   4.34793531000000e+02
   4.32614131000000e+02
   4.24654775000000e+02
   4.17177840000000e+02
   4.20483914000000e+02
   4.19101166000000e+02
   4.16584208000000e+02
   4.14780827000000e+02
   4.18394197000000e+02
   4.15428243000000e+02
   4.12980078000000e+02
   4.13944740000000e+02
   4.13671010000000e+02
   4.13929510000000e+02
   4.12960433000000e+02
   4.11159247000000e+02
   4.12697777000000e+02
   4.07507035000000e+02
   4.08714288000000e+02
   4.06088975000000e+02
   4.10618364000000e+02
   4.05059915000000e+02
   4.05083866000000e+02
   4.07049612000000e+02
   4.05421256000000e+02
   4.06776651000000e+02
   4.04345714000000e+02
   4.04421579000000e+02
   4.03029073000000e+02
   4.03163355000000e+02
   4.06764726000000e+02
   4.04755896000000e+02
   4.09408354000000e+02
   4.13049082000000e+02
   4.15897359000000e+02
   4.20890215000000e+02
   4.28579378000000e+02
   4.30790075000000e+02
   4.35711982000000e+02
   4.39639267000000e+02
   4.41930885000000e+02
   4.45052710000000e+02
   4.46737502000000e+02
   4.42525327000000e+02
   4.37020233000000e+02
   4.30623173000000e+02
   4.20663551000000e+02
   4.09588661000000e+02
   4.01493111000000e+02
   3.94926458000000e+02
   3.91325920000000e+02
   3.92540740000000e+02
   3.99592916000000e+02
   4.05659410000000e+02
   3.89561371000000e+02
   3.92793217000000e+02
   3.96963565000000e+02
   3.95247346000000e+02
   3.94122353000000e+02
   3.93728444000000e+02
   3.95680364000000e+02
   3.95870196000000e+02
   3.95068703000000e+02
   3.95663476000000e+02
   3.97188932000000e+02
   3.97429155000000e+02
   3.96049959000000e+02
   3.93382782000000e+02
   3.97440902000000e+02
   3.98514401000000e+02
   3.93089555000000e+02
   3.94194484000000e+02
   3.92194342000000e+02
   3.92194022000000e+02
   3.92653084000000e+02
   3.89602774000000e+02
   3.88657178000000e+02
   3.87625112000000e+02
   3.85636018000000e+02
   3.82555497000000e+02
   3.89394411000000e+02
   3.82140008000000e+02
   3.80771067000000e+02
   3.81006968000000e+02
   3.80731827000000e+02
   3.81052474000000e+02
   3.80828204000000e+02
   3.79256600000000e+02
   3.76057133000000e+02
   3.80694193000000e+02
   3.81285290000000e+02
   3.82170303000000e+02
   3.82229290000000e+02
   3.81112697000000e+02
   3.82795224000000e+02
   3.82924735000000e+02
   3.82134794000000e+02
   3.82881155000000e+02
   3.76126412000000e+02
   3.77711731000000e+02
   3.78849790000000e+02
   3.80033969000000e+02
   3.78522002000000e+02
   3.77333179000000e+02
   3.77895028000000e+02
   3.78202236000000e+02
   3.74396686000000e+02
   3.74142487000000e+02
   3.77849078000000e+02
   3.77511040000000e+02
   3.75104959000000e+02
   3.72456822000000e+02
   3.71516561000000e+02
   3.65501924000000e+02
   3.68377785000000e+02
   3.69421953000000e+02
   3.70244964000000e+02
   3.70749882000000e+02
   3.74206960000000e+02
   3.69737226000000e+02
   3.68637859000000e+02
   3.69484085000000e+02
   3.70786970000000e+02
   3.72027066000000e+02
   3.66365068000000e+02
   3.68964922000000e+02
   3.68063828000000e+02
   3.68959517000000e+02
   3.66973867000000e+02
   3.71052312000000e+02
   3.70415874000000e+02
   3.71023153000000e+02
   3.70776728000000e+02
   3.71818525000000e+02
   3.69336104000000e+02
   3.68731114000000e+02
   3.71155108000000e+02
   3.68630835000000e+02
   3.66059198000000e+02
   3.66704856000000e+02
   3.63531304000000e+02
   3.65327645000000e+02
   3.66051613000000e+02
   3.65608653000000e+02
   3.61750578000000e+02
   3.65023573000000e+02
   3.65684835000000e+02
   3.64631378000000e+02
   3.68892946000000e+02
   3.69979260000000e+02
   3.70189708000000e+02
   3.81217530000000e+02
   3.79831488000000e+02
   3.67005034000000e+02
   3.67798902000000e+02
   3.67366972000000e+02
   3.68732451000000e+02
   3.66917577000000e+02
   3.67167138000000e+02
   3.68441669000000e+02
   3.66834542000000e+02
   3.65603918000000e+02
   3.66643444000000e+02
   3.68051143000000e+02
   3.67924753000000e+02
   3.69290497000000e+02
   3.66991541000000e+02
   3.72764399000000e+02
   3.70465680000000e+02
   3.75351765000000e+02
   3.73276854000000e+02
   3.77098863000000e+02
   3.78372291000000e+02
   3.78476501000000e+02
   3.78148699000000e+02
   3.76801707000000e+02
   3.76679742000000e+02
   3.79636024000000e+02
   3.79345097000000e+02
   3.79183234000000e+02
   3.78206547000000e+02
   3.81964004000000e+02
   3.77706549000000e+02
   3.78775593000000e+02
   3.85007525000000e+02
   3.84014125000000e+02
   3.80083766000000e+02
   3.81039482000000e+02
   3.83887778000000e+02
   3.85820445000000e+02
   3.80295059000000e+02
   3.83414158000000e+02
   3.86874956000000e+02
   3.84482435000000e+02
   3.85914906000000e+02
   3.83665771000000e+02
   3.81939034000000e+02
   3.83413654000000e+02
   3.81282662000000e+02
   3.82003708000000e+02
   3.79473994000000e+02
   3.76968154000000e+02
   3.78518166000000e+02
   3.78942668000000e+02
   3.78622096000000e+02
   3.78223997000000e+02
   3.78750812000000e+02
   3.75294354000000e+02
   3.73266701000000e+02
   3.75436629000000e+02
   3.71526994000000e+02
   3.70808880000000e+02
   3.70610816000000e+02
   3.70886592000000e+02
   3.67506171000000e+02
   3.66947058000000e+02
   3.62494174000000e+02
   3.64889917000000e+02
   3.68043302000000e+02
   3.67313361000000e+02
   3.65447459000000e+02
   3.68033310000000e+02
   3.69737620000000e+02
   3.68154768000000e+02
   3.69746168000000e+02
   3.69714401000000e+02
   3.68821767000000e+02
   3.66866704000000e+02
   3.64794443000000e+02
   3.62260880000000e+02
   3.64051208000000e+02
   3.63354993000000e+02
   3.60303091000000e+02
   3.63133465000000e+02
   3.60233420000000e+02
   3.61300475000000e+02
   3.56626276000000e+02
   3.53586083000000e+02
   3.52579801000000e+02
   3.51254024000000e+02
   3.53099366000000e+02
   3.52780911000000e+02
   3.51245793000000e+02
   3.51406262000000e+02
   3.50463056000000e+02
   3.50108636000000e+02
   3.49080411000000e+02
   3.87533463000000e+02
   3.92625041000000e+02
   3.46563357000000e+02
   3.49357250000000e+02
   3.48953720000000e+02
   3.46870049000000e+02
   3.46481543000000e+02
   3.48491920000000e+02
   3.45409622000000e+02
   3.47749064000000e+02
   3.47462323000000e+02
   3.46449735000000e+02
   3.49424988000000e+02
   3.54227562000000e+02
   3.51487728000000e+02
   3.40786116000000e+02
   3.40494408000000e+02
   3.43110824000000e+02
   3.43583923000000e+02
   3.42869956000000e+02
   3.38832194000000e+02
   3.39680716000000e+02
   3.79064892000000e+02
   3.77473551000000e+02
   3.36958473000000e+02
   3.35858544000000e+02
   3.31076605000000e+02
   3.32524540000000e+02
   3.32827238000000e+02
   3.29707649000000e+02
   3.29247835000000e+02
   3.26551844000000e+02
   3.30065768000000e+02
   3.29002402000000e+02
   3.28946404000000e+02
   3.25879597000000e+02
   3.32419729000000e+02
   3.26807607000000e+02
   3.25509982000000e+02
   3.27662299000000e+02
   3.23993418000000e+02
   3.23470918000000e+02
   3.23667794000000e+02
   3.22123983000000e+02
   3.23020686000000e+02
   3.22255324000000e+02
   3.17692630000000e+02
   3.22758316000000e+02
   3.24707259000000e+02
   3.19146516000000e+02
   3.18618740000000e+02
   3.23024853000000e+02
   3.19695133000000e+02
   3.19002308000000e+02
   3.18868390000000e+02
   3.13234868000000e+02
   3.16420643000000e+02
   3.14096061000000e+02
   3.13617327000000e+02
   3.50240351000000e+02
   3.48064645000000e+02
   3.44996543000000e+02
   3.49720876000000e+02
   3.46262873000000e+02
   3.46241493000000e+02
   3.46843231000000e+02
   3.44972046000000e+02
   3.44735295000000e+02
   3.45417547000000e+02
   3.43083926000000e+02
   3.41853487000000e+02
   3.39432899000000e+02
   3.37872552000000e+02
   3.39756260000000e+02
   3.42901676000000e+02
   3.48124702000000e+02
   3.46170112000000e+02
   3.47680909000000e+02
   3.45589935000000e+02
   3.45044864000000e+02
   3.43498468000000e+02
   3.45280578000000e+02
   3.38589133000000e+02
   3.35375338000000e+02
   3.32646398000000e+02
   3.37158833000000e+02
   3.33343579000000e+02
   3.36245238000000e+02
   3.33480445000000e+02
   3.32582735000000e+02
   3.32069100000000e+02
   3.32980551000000e+02
   3.32144618000000e+02
   3.30397240000000e+02
   3.27384191000000e+02
   3.27682878000000e+02
   3.24879666000000e+02
   3.24685201000000e+02
   3.26680849000000e+02
   3.18835692000000e+02
   3.16327755000000e+02
   3.17574926000000e+02
   3.20263071000000e+02
   3.19127842000000e+02
   3.19529794000000e+02
   3.13950596000000e+02
   3.18841159000000e+02
   3.17187759000000e+02
   3.18612408000000e+02
   3.18431176000000e+02
   3.17005572000000e+02
   3.12103015000000e+02
   3.17346112000000e+02
   3.18867715000000e+02
   3.13277939000000e+02
   3.13784836000000e+02
   3.15261618000000e+02
   3.16619005000000e+02
   3.17021345000000e+02
   3.18521318000000e+02
   3.19533828000000e+02
   3.19546467000000e+02
   3.20489357000000e+02
   3.19364431000000e+02
   3.40305191000000e+02
   3.38728423000000e+02
   3.39038253000000e+02
   3.38706467000000e+02
   3.40432493000000e+02
   3.41969288000000e+02
   3.44207662000000e+02
   3.35201273000000e+02
   3.41952153000000e+02
   3.45760885000000e+02
   3.47832008000000e+02
   3.44629785000000e+02
   3.47037752000000e+02
   3.48153792000000e+02
   3.46952546000000e+02
   3.50541146000000e+02
   3.49777048000000e+02
   3.52279800000000e+02
   3.54812970000000e+02
   3.54431548000000e+02
   3.51843851000000e+02
   3.51931762000000e+02
   3.53088009000000e+02
   3.51354151000000e+02
   3.51518990000000e+02
   3.51735218000000e+02
   3.50913915000000e+02
   3.50527674000000e+02
   3.47579363000000e+02
   3.47318126000000e+02
   3.48205045000000e+02
   3.49728936000000e+02
   3.51858842000000e+02
   3.50021503000000e+02
   3.52832582000000e+02
   3.57689587000000e+02
   3.62632687000000e+02
   3.75155045000000e+02
   3.84951234000000e+02
   3.93602132000000e+02
   3.93757004000000e+02
   3.96298074000000e+02
   3.97975695000000e+02
   3.99421995000000e+02
   4.01497648000000e+02
   4.03416560000000e+02
   4.01571036000000e+02
   3.97040832000000e+02
   4.03591763000000e+02
   4.05641641000000e+02
   4.04531229000000e+02
   4.04234285000000e+02
   4.05148245000000e+02
   4.02766694000000e+02
   4.02051287000000e+02
   4.05705884000000e+02
   4.03874285000000e+02
   4.03317571000000e+02
   4.03905994000000e+02
   4.02189987000000e+02
   4.00365855000000e+02
   3.99442752000000e+02
   4.00222785000000e+02
   4.03060966000000e+02
   4.01250298000000e+02
   4.00379425000000e+02
   3.99910672000000e+02
   4.08159023000000e+02
   4.11286656000000e+02
   4.14640216000000e+02
   4.16072958000000e+02
   4.13901506000000e+02
   4.17762159000000e+02
   4.16711472000000e+02
   4.18898988000000e+02
   4.18252878000000e+02
   4.18588296000000e+02
   4.20113820000000e+02
   4.19842270000000e+02
   4.19118643000000e+02
   4.20146252000000e+02
   4.17497720000000e+02
   4.13404703000000e+02
   4.15688821000000e+02
   4.14336185000000e+02
   4.12249065000000e+02
   4.11703362000000e+02
   4.11498674000000e+02
   4.06326398000000e+02
   4.10752537000000e+02
   4.06978455000000e+02
   4.08705958000000e+02
   4.07489698000000e+02
   4.05298667000000e+02
   4.11086520000000e+02
   4.09648537000000e+02
   4.14918940000000e+02
   4.23456389000000e+02
   4.31549236000000e+02
   4.31365968000000e+02
   4.30077418000000e+02
   4.29395347000000e+02
   4.29943896000000e+02
   4.30608358000000e+02
   4.30633954000000e+02
   4.31566599000000e+02
   4.31354965000000e+02
   4.32085066000000e+02
   4.30155186000000e+02
   4.28479431000000e+02
   4.27171759000000e+02
   4.25192585000000e+02
   4.25541785000000e+02
   4.24384900000000e+02
   4.23422965000000e+02
   4.22063152000000e+02
   4.20567040000000e+02
   4.20124897000000e+02
   4.19407219000000e+02
   4.18489959000000e+02
   4.16652321000000e+02
   4.15038659000000e+02
   4.16346128000000e+02
   4.14066146000000e+02
   4.13022977000000e+02
   4.14704919000000e+02
   4.13243351000000e+02
   4.12033050000000e+02
   4.13594989000000e+02
   4.16652309000000e+02
   4.15361784000000e+02
   4.13268233000000e+02
   4.09642187000000e+02
   4.12115231000000e+02
   4.13789604000000e+02
   4.16140688000000e+02
   4.12763259000000e+02
   4.09757631000000e+02
   4.07426363000000e+02
   4.06754190000000e+02
   4.07414445000000e+02
   4.03016541000000e+02
   4.01284456000000e+02
   3.99145028000000e+02
   3.99814640000000e+02
   3.99540896000000e+02
   3.96199944000000e+02
   3.95788420000000e+02
   3.94997154000000e+02
   3.93073198000000e+02
   3.93243866000000e+02
   3.84312940000000e+02
   3.80561652000000e+02
   3.82552130000000e+02
   3.77494233000000e+02
   3.74451105000000e+02
   3.73027509000000e+02
   3.71501616000000e+02
   3.77416483000000e+02
   3.75186225000000e+02
   3.76629031000000e+02
   3.79731409000000e+02
   3.75889790000000e+02
   3.69586146000000e+02
   3.71240328000000e+02
   3.68852666000000e+02
   3.66472087000000e+02
   3.65760806000000e+02
   3.66122232000000e+02
   3.57409700000000e+02
   3.58680816000000e+02
   3.55997258000000e+02
   3.56479306000000e+02
   3.51891851000000e+02
   3.52979122000000e+02
   3.49682767000000e+02
   3.47251602000000e+02
   3.44936451000000e+02
   3.41808517000000e+02
   3.42990445000000e+02
   3.40370454000000e+02
   3.37457098000000e+02
   3.40187825000000e+02
   3.39040019000000e+02
   3.35759303000000e+02
   3.33745403000000e+02
   3.37297056000000e+02
   3.39216827000000e+02
   3.42460332000000e+02
   3.45554742000000e+02
   3.45821242000000e+02
   3.47926940000000e+02
   3.46677954000000e+02
   3.46345573000000e+02
   3.48274150000000e+02
   3.46025784000000e+02
   3.43152425000000e+02
   3.42609185000000e+02
   3.42449352000000e+02
   3.44437494000000e+02
   3.40377894000000e+02
   3.38965520000000e+02
   3.34356889000000e+02
   3.33432010000000e+02
   3.33913623000000e+02
   3.31720124000000e+02
   3.31334302000000e+02
   3.29799625000000e+02
   3.28104439000000e+02
   3.27522716000000e+02
   3.28702097000000e+02
   3.24140142000000e+02
   3.24512884000000e+02
   3.25100725000000e+02
   3.23408413000000e+02
   3.25212541000000e+02
   3.27148754000000e+02
   3.30413020000000e+02
   3.31863129000000e+02
   3.35944806000000e+02
   3.36630756000000e+02
   3.39607516000000e+02
   3.38388402000000e+02
   3.37585483000000e+02
   3.38349005000000e+02
   3.37164975000000e+02
   3.34134862000000e+02
   3.32138276000000e+02
   3.32816683000000e+02
   3.30897725000000e+02
   3.29183535000000e+02
   3.27019252000000e+02
   3.24709570000000e+02
   3.24812172000000e+02
   3.23122363000000e+02
   3.22434588000000e+02
   3.24681066000000e+02
   3.19499963000000e+02
   3.18922059000000e+02
   3.18318553000000e+02
   3.15887017000000e+02
   3.16408951000000e+02
   3.12061125000000e+02
   3.10355092000000e+02
   3.08511943000000e+02
   3.09582021000000e+02
   3.08496021000000e+02
   3.09803446000000e+02
   3.09393711000000e+02
   3.09533311000000e+02
   3.11124891000000e+02
   3.06677572000000e+02
   3.06652374000000e+02
   3.07744592000000e+02
   3.06236673000000e+02
   3.05338219000000e+02
   3.06056298000000e+02
   3.02678989000000e+02
   3.03724330000000e+02
   3.00988699000000e+02
   3.00283140000000e+02
   2.99876231000000e+02
   2.98340395000000e+02
   2.95907728000000e+02
   2.93132563000000e+02
   2.91457227000000e+02
   2.92839293000000e+02
   2.90245692000000e+02
   2.88836424000000e+02
   2.87889464000000e+02
   2.84703312000000e+02
   2.84918336000000e+02
   2.81109789000000e+02
   2.80458229000000e+02
   2.81179909000000e+02
   2.80566128000000e+02
   2.75539991000000e+02
   2.73841070000000e+02
   2.76523019000000e+02
   2.76481603000000e+02
   2.69729469000000e+02
   2.76290139000000e+02
   2.75425309000000e+02
   2.77463396000000e+02
   2.71371641000000e+02
   2.74190274000000e+02
   2.71895050000000e+02
   2.71001891000000e+02
   2.69075141000000e+02
   2.69986395000000e+02
   2.67624110000000e+02
   2.64637763000000e+02
   2.58442452000000e+02
   2.58008486000000e+02
   2.60408052000000e+02
   2.56420364000000e+02
   2.57640551000000e+02
   2.54190518000000e+02
   2.55167180000000e+02
   2.51956632000000e+02
   2.50517349000000e+02
   2.51498354000000e+02
   2.50149380000000e+02
   2.49301806000000e+02
   2.49741495000000e+02
   2.47515064000000e+02
   2.49432231000000e+02
   2.44250683000000e+02
   2.42792250000000e+02
   2.42081554000000e+02
   2.40557818000000e+02
   2.28778815000000e+02
   2.32078152000000e+02
   2.45826008000000e+02
   2.45157559000000e+02
   2.45736940000000e+02
   2.44011416000000e+02
   2.44781995000000e+02
   2.38917307000000e+02
   2.40734606000000e+02
   2.38279796000000e+02
   2.41035234000000e+02
   2.38788138000000e+02
   2.36118449000000e+02
   2.37379013000000e+02
   2.32464972000000e+02
   2.34716713000000e+02
   2.34316881000000e+02
   2.35431519000000e+02
   2.35875260000000e+02
   2.32721996000000e+02
   2.30926892000000e+02
   2.32023336000000e+02
   2.31502907000000e+02
   2.29525380000000e+02
   2.30914816000000e+02
   2.33167535000000e+02
   2.29402617000000e+02
   2.32176567000000e+02
   2.33309259000000e+02
   2.28751382000000e+02
   2.30868956000000e+02
   2.29122213000000e+02
   2.30158481000000e+02
   2.27902439000000e+02
   2.30585838000000e+02
   2.27657391000000e+02
   2.25819966000000e+02
   2.28968952000000e+02
   2.28505968000000e+02
   2.29305156000000e+02
   2.25067403000000e+02
   2.22083803000000e+02
   2.23108158000000e+02
   2.20735972000000e+02
   2.18892858000000e+02
   2.21957129000000e+02
   2.19813286000000e+02
   2.19101949000000e+02
   2.18059635000000e+02
   2.23711852000000e+02
   2.19475798000000e+02
   2.19451745000000e+02
   2.17469014000000e+02
   2.19684528000000e+02
   2.19543442000000e+02
   2.18557816000000e+02
   2.19256223000000e+02
   2.18913751000000e+02
   2.20716490000000e+02
   2.20855597000000e+02
   2.20003568000000e+02
   2.23242335000000e+02
   2.20555564000000e+02
   2.20904058000000e+02
   2.20212048000000e+02
   2.19828491000000e+02
   2.22426421000000e+02
   2.16465549000000e+02
   2.17368222000000e+02
   2.17926062000000e+02
   2.18193583000000e+02
   2.17398981000000e+02
   2.16793717000000e+02
   2.17065550000000e+02
   2.13790667000000e+02
   2.17627578000000e+02
   2.17249848000000e+02
   2.16470341000000e+02
   2.15509531000000e+02
   2.18100625000000e+02
   2.17752595000000e+02
   2.15165599000000e+02
   2.15943040000000e+02
   2.12835048000000e+02
   2.14205480000000e+02
   2.11822630000000e+02
   2.13925745000000e+02
   2.16104770000000e+02
   2.13119283000000e+02
   2.15484588000000e+02
   2.14312661000000e+02
   2.12462471000000e+02
   2.14599886000000e+02
   2.13065199000000e+02
   2.15487537000000e+02
   2.15200102000000e+02
   2.15426128000000e+02
   2.15956583000000e+02
   2.17776027000000e+02
   2.15459301000000e+02
   2.13625945000000e+02
   2.13516482000000e+02
   2.18046396000000e+02
   2.13367486000000e+02
   2.16471342000000e+02
   2.18687136000000e+02
   2.17036975000000e+02
   2.16815827000000e+02
   2.16999202000000e+02
   2.17135400000000e+02
   2.17783640000000e+02
   2.18333978000000e+02
   2.18597203000000e+02
   2.18591629000000e+02
   2.17930438000000e+02
   2.23127455000000e+02
   2.25203780000000e+02
   2.23093575000000e+02
   2.23810288000000e+02
   2.24872885000000e+02
   2.30228496000000e+02
   2.30278511000000e+02
   2.31970843000000e+02
   2.31062354000000e+02
   2.34514344000000e+02
   2.34999635000000e+02
   2.33492104000000e+02
   2.39633643000000e+02
   2.40395728000000e+02
   2.40266688000000e+02
   2.41010540000000e+02
   2.37015556000000e+02
   2.40042064000000e+02
   2.36827228000000e+02
   2.39471091000000e+02
   2.39944766000000e+02
   2.39144472000000e+02
   2.39048867000000e+02
   2.39329784000000e+02
   2.41837596000000e+02
   2.39156680000000e+02
   2.38886244000000e+02
   2.38798595000000e+02
   2.41990218000000e+02
   2.41341153000000e+02
   2.42660866000000e+02
   2.40852158000000e+02
   2.46308146000000e+02
   2.41065771000000e+02
   2.41054129000000e+02
   2.44192996000000e+02
   2.46072013000000e+02
   2.47066730000000e+02
   2.49992945000000e+02
   2.44038262000000e+02
   2.46782794000000e+02
   2.45268931000000e+02
   2.46643738000000e+02
   2.47512636000000e+02
   2.46911931000000e+02
   2.44211222000000e+02
   2.49223397000000e+02
   2.48268014000000e+02
   2.49498169000000e+02
   2.47384150000000e+02
   2.48918558000000e+02
   2.47501611000000e+02
   2.49435884000000e+02
   2.48490688000000e+02
   2.46270909000000e+02
   2.50530096000000e+02
   2.50802004000000e+02
   2.50797608000000e+02
   2.50870446000000e+02
   2.52728741000000e+02
   2.52633179000000e+02
   2.52555243000000e+02
   2.53512188000000e+02
   2.55694087000000e+02
   2.56495715000000e+02
   2.58842011000000e+02
   2.58939226000000e+02
   2.63869439000000e+02
   2.66058345000000e+02
   2.65448109000000e+02
   2.68638314000000e+02
   2.70213602000000e+02
   2.76638481000000e+02
   2.81164868000000e+02
   2.81852679000000e+02
   2.84258023000000e+02
   2.83161662000000e+02
   2.90262212000000e+02
   2.87874475000000e+02
   2.91331759000000e+02
   2.94577871000000e+02
   2.97964228000000e+02
   2.98908611000000e+02
   2.96105711000000e+02
   2.97363535000000e+02
   2.96670611000000e+02
   2.99572424000000e+02
   2.98213732000000e+02
   3.02817938000000e+02
   3.02669991000000e+02
   3.03421481000000e+02
   3.03532130000000e+02
   3.05317856000000e+02
   3.05661950000000e+02
   3.11776629000000e+02
   3.14904127000000e+02
   3.13017331000000e+02
   3.16778769000000e+02
   3.16492104000000e+02
   3.15821636000000e+02
   3.20452692000000e+02
   3.17763562000000e+02
   3.18681754000000e+02
   3.26314505000000e+02
   3.25719094000000e+02
   3.32112584000000e+02
   3.35708126000000e+02
   3.37069994000000e+02
   3.39440757000000e+02
   3.37809912000000e+02
   3.35254796000000e+02
   3.41855099000000e+02
   3.48754684000000e+02
   3.49117298000000e+02
   3.49920867000000e+02
   3.52655926000000e+02
   3.51945815000000e+02
   3.58970626000000e+02
   3.63302401000000e+02
   3.62792886000000e+02
   3.64768182000000e+02
   3.70130218000000e+02
   3.72775915000000e+02
   3.70261650000000e+02
   3.72995652000000e+02
   3.80452843000000e+02
   3.85158233000000e+02
   3.88892072000000e+02
   3.90313087000000e+02
   3.88463102000000e+02
   3.91233956000000e+02
   3.92600173000000e+02
   3.90977656000000e+02
   3.93474341000000e+02
   3.95256306000000e+02
   3.99136963000000e+02
   3.99637991000000e+02
   4.05633118000000e+02
   4.08440276000000e+02
   4.10070120000000e+02
   4.09320145000000e+02
   4.14068016000000e+02
   4.16709189000000e+02
   4.16566154000000e+02
   4.20210415000000e+02
   4.23077173000000e+02
   4.19122886000000e+02
   4.22964823000000e+02
   4.28113450000000e+02
   4.27598541000000e+02
   4.27424085000000e+02
   4.25934718000000e+02
   4.25259606000000e+02
   4.25684177000000e+02
   4.25039159000000e+02
   4.27773105000000e+02
   4.29335181000000e+02
   4.33553670000000e+02
   4.34721528000000e+02
   4.35157035000000e+02
   4.37821248000000e+02
   4.36018680000000e+02
   4.34039171000000e+02
   4.35105385000000e+02
   4.37966100000000e+02
   4.39642730000000e+02
   4.40106302000000e+02
   4.41566841000000e+02
   4.40900194000000e+02
   4.43005137000000e+02
   4.43281234000000e+02
   4.44303314000000e+02
   4.48224061000000e+02
   4.48518919000000e+02
   4.46112173000000e+02
   4.49649977000000e+02
   4.53484144000000e+02
   4.52335218000000e+02
   4.55269236000000e+02
   4.57021976000000e+02
   4.58656243000000e+02
   4.61322940000000e+02
   4.62385076000000e+02
   4.65052549000000e+02
   4.64357169000000e+02
   4.61357268000000e+02
   4.61643525000000e+02
   4.62139247000000e+02
   4.68123150000000e+02
   4.70148787000000e+02
   4.67607947000000e+02
   4.71691045000000e+02
   4.73407543000000e+02
   4.74818574000000e+02
   4.71350802000000e+02
   4.74759094000000e+02
   4.78547705000000e+02
   4.79408534000000e+02
   4.82314560000000e+02
   4.82512524000000e+02
   4.82701347000000e+02
   4.86812681000000e+02
   4.83208979000000e+02
   4.88211472000000e+02
   4.89623540000000e+02
   4.87573323000000e+02
   4.88970769000000e+02
   4.87845402000000e+02
   4.86231934000000e+02
   4.89380767000000e+02
   4.94802222000000e+02
   4.95320561000000e+02
   4.95480249000000e+02
   4.94724226000000e+02
   4.94622845000000e+02
   4.96846144000000e+02
   4.94749464000000e+02
   4.96563446000000e+02
   4.96261441000000e+02
   4.97715007000000e+02
   4.97673278000000e+02
   4.98822346000000e+02
   4.99162355000000e+02
   4.99100767000000e+02
   4.99882613000000e+02
   4.99192495000000e+02
   4.99812040000000e+02
   5.01446660000000e+02
   4.96388926000000e+02
   4.99815524000000e+02
   5.00189331000000e+02
   5.02329877000000e+02
   4.99998149000000e+02
   5.01479759000000e+02
   5.01382065000000e+02
   5.02919324000000e+02
   5.00349235000000e+02
   5.03794871000000e+02
   5.05964053000000e+02
   4.99220491000000e+02
   4.98403045000000e+02
   5.03846825000000e+02
   5.02483199000000e+02
   5.08106789000000e+02
   5.06662163000000e+02
   5.05664123000000e+02
   5.07866613000000e+02
   5.07178468000000e+02
   5.07266997000000e+02
   5.07389854000000e+02
   5.09985304000000e+02
   5.09438244000000e+02
   5.07700042000000e+02
   5.14199708000000e+02
   5.12185312000000e+02
   5.11063112000000e+02
   5.11278631000000e+02
   5.12249756000000e+02
   5.13648281000000e+02
   5.10243312000000e+02
   5.08386099000000e+02
   5.05693059000000e+02
   5.08408743000000e+02
   5.09047683000000e+02
   5.11575433000000e+02
   5.10349602000000e+02
   5.08335011000000e+02
   5.09193175000000e+02
   5.15790080000000e+02
   5.12636080000000e+02
   5.13323418000000e+02
   5.08784533000000e+02
   5.14473613000000e+02
   5.10217713000000e+02
   5.07194043000000e+02
   5.06146001000000e+02
   5.09469769000000e+02
   5.08187012000000e+02
   5.02476479000000e+02
   5.05451464000000e+02
   5.10023025000000e+02
   5.10916485000000e+02
   5.11924954000000e+02
   5.09195418000000e+02
   5.09997270000000e+02
   5.06401426000000e+02
   5.09198220000000e+02
   5.11147962000000e+02
   5.13315963000000e+02
   5.12591907000000e+02
   5.12074572000000e+02
   5.14095490000000e+02
   5.10350768000000e+02
   5.11702604000000e+02
   5.10750143000000e+02
   5.13938365000000e+02
   5.13468107000000e+02
   5.13324341000000e+02
   5.14535326000000e+02
   5.13475429000000e+02
   5.13092627000000e+02
   5.15754810000000e+02
   5.17812216000000e+02
   5.18019685000000e+02
   5.15317981000000e+02
   5.11897224000000e+02
   5.11130531000000e+02
   5.11860043000000e+02
   5.12182607000000e+02
   5.10961718000000e+02
   5.12140596000000e+02
   5.13824789000000e+02
   5.13439175000000e+02
   5.12779434000000e+02
   5.13686755000000e+02
   5.12656091000000e+02
   5.10690306000000e+02
   5.10196110000000e+02
   5.09245641000000e+02
   5.10679638000000e+02
   5.10700872000000e+02
   5.12426099000000e+02
   5.13614916000000e+02
   5.12806281000000e+02
   5.10719178000000e+02
   5.10078069000000e+02
   5.08062317000000e+02
   5.11606988000000e+02
   5.10879890000000e+02
   5.09905944000000e+02
   5.08030332000000e+02
   5.06722558000000e+02
   5.08732567000000e+02
   5.11855309000000e+02
   5.11510633000000e+02
   5.10274174000000e+02
   5.11719413000000e+02
   5.12563272000000e+02
   5.09369465000000e+02
   5.06484497000000e+02
   5.06154131000000e+02
   5.05414149000000e+02
   5.06492383000000e+02
   5.08609032000000e+02
   5.11494746000000e+02
   5.07575462000000e+02
   5.04162282000000e+02
   5.08839969000000e+02
   5.08071513000000e+02
   5.07461858000000e+02
   5.09111455000000e+02
   5.07857543000000e+02
   5.09364758000000e+02
   5.11287392000000e+02
   5.06231151000000e+02
   5.10055136000000e+02
   5.07187954000000e+02
   5.07125355000000e+02
   5.06858850000000e+02
   5.06232674000000e+02
   5.04372130000000e+02
   5.04862827000000e+02
   5.05484899000000e+02
   5.03018969000000e+02
   5.08817399000000e+02
   5.06888793000000e+02
   5.08637740000000e+02
   5.07113063000000e+02
   5.04052640000000e+02
   5.06031812000000e+02
   5.06955306000000e+02
   5.05456609000000e+02
   5.07564418000000e+02
   5.08698375000000e+02
   5.11922174000000e+02
   5.09883461000000e+02
   5.07152207000000e+02
   5.11403562000000e+02
   5.10542616000000e+02
   5.11216394000000e+02
   5.10848178000000e+02
   5.11721341000000e+02
   5.10525222000000e+02
   5.15085003000000e+02
   5.16310399000000e+02
   5.15796269000000e+02
   5.16346807000000e+02
   5.18601918000000e+02
   5.17602614000000e+02
   5.18992193000000e+02
   5.17918682000000e+02
   5.12787666000000e+02
   5.14982063000000e+02
   5.14142770000000e+02
   5.15685899000000e+02
   5.13384538000000e+02
   5.14262969000000e+02
   5.18076380000000e+02
   5.16434258000000e+02
   5.15772422000000e+02
   5.12368706000000e+02
   5.13920157000000e+02
   5.11969492000000e+02
   5.14023096000000e+02
   5.12980066000000e+02
   5.12696963000000e+02
   5.13245209000000e+02
   5.12002116000000e+02
   5.10701913000000e+02
   5.13940106000000e+02
   5.12134604000000e+02
   5.14944325000000e+02
   5.13185445000000e+02
   5.09388633000000e+02
   5.08986352000000e+02
   5.07048601000000e+02
   5.07054835000000e+02
   5.04660447000000e+02
   5.07037728000000e+02
   4.96064441000000e+02
   4.93822317000000e+02
   4.91148139000000e+02
   4.90778701000000e+02
   4.90453798000000e+02
   4.87655715000000e+02
   4.83630026000000e+02
   4.81394215000000e+02
   4.80638400000000e+02
   4.81123612000000e+02
   4.75291810000000e+02
   4.75419230000000e+02
   4.78210471000000e+02
   4.79260780000000e+02
   4.81297347000000e+02
   4.76640460000000e+02
   4.79705747000000e+02
   4.78201222000000e+02
   4.75778342000000e+02
   4.76096882000000e+02
   4.74252077000000e+02
   4.76438519000000e+02
   4.72279454000000e+02
   4.71301091000000e+02
   4.71954613000000e+02
   4.67019907000000e+02
   4.67744113000000e+02
   4.67370882000000e+02
   4.66331455000000e+02
   4.66288072000000e+02
   4.67049494000000e+02
   4.68247658000000e+02
   4.72363898000000e+02
   4.80888902000000e+02
   4.81685314000000e+02
   4.89511067000000e+02
   4.92664621000000e+02
   4.89793861000000e+02
   4.93124950000000e+02
   4.93595831000000e+02
   4.87775296000000e+02
   4.88640547000000e+02
   4.90630105000000e+02
   4.89017670000000e+02
   4.88915290000000e+02
   4.88133967000000e+02
   4.85606869000000e+02
   4.86672706000000e+02
   4.86134775000000e+02
   4.86965231000000e+02
   4.85437695000000e+02
   4.84325274000000e+02
   4.85387073000000e+02
   4.81387806000000e+02
   4.80523062000000e+02
   4.79369769000000e+02
   4.77056438000000e+02
   4.75484984000000e+02
   4.76165071000000e+02
   4.75087196000000e+02
   4.75102162000000e+02
   4.80892110000000e+02
   4.80178037000000e+02
   4.81715532000000e+02
   4.82085662000000e+02
   4.88755645000000e+02
   4.86465490000000e+02
   4.83059333000000e+02
   4.87514648000000e+02
   4.85539683000000e+02
   4.83139295000000e+02
   4.83720454000000e+02
   4.88692051000000e+02
   4.87549236000000e+02
   4.88542554000000e+02
   4.85607052000000e+02
   4.88839498000000e+02
   4.89845426000000e+02
   4.85691976000000e+02
   4.88671466000000e+02
   4.87893424000000e+02
   4.87813019000000e+02
   4.86962948000000e+02
   4.86633109000000e+02
   4.86101712000000e+02
   4.86396009000000e+02
   4.83457779000000e+02
   4.82089996000000e+02
   4.80122946000000e+02
   4.81332893000000e+02
   4.77874610000000e+02
   4.75363239000000e+02
   4.79974048000000e+02
   4.79646145000000e+02
   4.84033962000000e+02
   4.82505940000000e+02
   4.82814458000000e+02
   4.84750046000000e+02
   4.86019871000000e+02
   4.85441017000000e+02
   4.84714730000000e+02
   4.85517348000000e+02
   4.88387793000000e+02
   4.83135521000000e+02
   4.83365424000000e+02
   4.84691943000000e+02
   4.81203959000000e+02
   4.81123104000000e+02
   4.82593733000000e+02
   4.80204730000000e+02
   4.81161932000000e+02
   4.76205924000000e+02
   4.77730197000000e+02
   4.78756891000000e+02
   4.80785716000000e+02
   4.76781614000000e+02
   4.76289193000000e+02
   4.77862154000000e+02
   4.78327164000000e+02
   4.72078859000000e+02
   4.76081434000000e+02
   4.75573458000000e+02
   4.75346018000000e+02
   4.77881328000000e+02
   4.76293076000000e+02
   4.77450765000000e+02
   4.75699261000000e+02
   4.75757260000000e+02
   4.75339825000000e+02
   4.79712883000000e+02
   4.73055130000000e+02
   4.72057750000000e+02
   4.76004108000000e+02
   4.75427251000000e+02
   4.76603635000000e+02
   4.77194385000000e+02
   4.73655465000000e+02
   4.75713877000000e+02
   4.72036910000000e+02
   4.74160511000000e+02
   4.71569235000000e+02
   4.73470647000000e+02
   4.75169555000000e+02
   4.76104143000000e+02
   4.72262644000000e+02
   4.69382895000000e+02
   4.71816431000000e+02
   4.70733472000000e+02
   4.70370440000000e+02
   4.68975990000000e+02
   4.65572528000000e+02
   4.66841394000000e+02
   4.64997653000000e+02
   4.63233669000000e+02
   4.62494285000000e+02
   4.62716366000000e+02
   4.60902890000000e+02
   4.61902705000000e+02
   4.59215081000000e+02
   4.58024049000000e+02
   4.56803988000000e+02
   4.55089267000000e+02
   4.56849685000000e+02
   4.56191869000000e+02
   4.56606837000000e+02
   4.55417575000000e+02
   4.57110301000000e+02
   4.57059556000000e+02
   4.55605507000000e+02
   4.52679260000000e+02
   4.50552652000000e+02
   4.48474841000000e+02
   4.50965457000000e+02
   4.50651602000000e+02
   4.53373165000000e+02
   4.48844791000000e+02
   4.49536569000000e+02
   4.48829858000000e+02
   4.45946097000000e+02
   4.45662795000000e+02
   4.43515756000000e+02
   4.46040447000000e+02
   4.44695175000000e+02
   4.45537778000000e+02
   4.45183696000000e+02
   4.46056608000000e+02
   4.39282229000000e+02
   4.39981911000000e+02
   4.42666488000000e+02
   4.40933920000000e+02
   4.44945238000000e+02
   4.40731841000000e+02
   4.39063031000000e+02
   4.40809333000000e+02
   4.38972644000000e+02
   4.37823915000000e+02
   4.38756807000000e+02
   4.38400505000000e+02
   4.36180262000000e+02
   4.35127218000000e+02
   4.37814709000000e+02
   4.37482744000000e+02
   4.36136668000000e+02
   4.32877567000000e+02
   4.31550152000000e+02
   4.32471761000000e+02
   4.32502422000000e+02
   4.32671748000000e+02
   4.33678284000000e+02
   4.30441064000000e+02
   4.26250400000000e+02
   4.28792962000000e+02
   4.30940190000000e+02
   4.27672444000000e+02
   4.27426532000000e+02
   4.30061241000000e+02
   4.29796270000000e+02
   4.24860501000000e+02
   4.22030942000000e+02
   4.21778880000000e+02
   4.25822912000000e+02
   4.24743090000000e+02
   4.22492834000000e+02
   4.23544611000000e+02
   4.21488555000000e+02
   4.24161712000000e+02
   4.22870645000000e+02
   4.24546723000000e+02
   4.22706375000000e+02
   4.20737751000000e+02
   4.20240883000000e+02
   4.18927803000000e+02
   4.19802344000000e+02
   4.20466908000000e+02
   4.17738120000000e+02
   4.19065032000000e+02
   4.19934558000000e+02
   4.17781113000000e+02
   4.16162761000000e+02
   4.18768175000000e+02
   4.13057672000000e+02
   4.13192394000000e+02
   4.09429786000000e+02
   4.08571650000000e+02
   4.09403437000000e+02
   4.07575823000000e+02
   4.08870758000000e+02
   4.07852333000000e+02
   4.02036290000000e+02
   4.02558101000000e+02
   4.00782168000000e+02
   3.99099942000000e+02
   4.01437449000000e+02
   3.92937190000000e+02
   3.88680371000000e+02
   4.02076196000000e+02
   4.01481401000000e+02
   4.03199651000000e+02
   3.96923601000000e+02
   3.97931845000000e+02
   3.85515214000000e+02
   3.85055319000000e+02
   4.01779651000000e+02
   3.97870191000000e+02
   3.94751876000000e+02
   3.95757498000000e+02
   3.96783241000000e+02
   4.00726107000000e+02
   3.90716044000000e+02
   3.87378555000000e+02
   3.99418084000000e+02
   3.95124595000000e+02
   3.91339844000000e+02
   3.86256518000000e+02
   3.81468929000000e+02
   3.95132210000000e+02
   3.92802419000000e+02
   3.91769916000000e+02
   3.83979306000000e+02
   3.90801928000000e+02
   3.92932628000000e+02
   3.91639718000000e+02
   3.80399690000000e+02
   3.79491633000000e+02
   3.85271868000000e+02
   3.83292057000000e+02
   3.89483692000000e+02
   3.89835659000000e+02
   3.87608496000000e+02
   3.88926698000000e+02
   3.88288185000000e+02
   3.88993217000000e+02
   3.90788908000000e+02
   3.89221439000000e+02
   3.86060102000000e+02
   3.55120829000000e+02
   3.73589685000000e+02
   3.75305355000000e+02
   3.80842114000000e+02
   3.82819268000000e+02
   3.78451952000000e+02
   3.73230592000000e+02
   3.79082718000000e+02
   3.58061052000000e+02
   3.69056168000000e+02
   3.79612573000000e+02
   3.76497770000000e+02
   3.72947148000000e+02
   3.61616745000000e+02
   3.73575625000000e+02
   3.66198805000000e+02
   3.78877054000000e+02
   3.73851412000000e+02
   3.74914923000000e+02
   3.72630892000000e+02
   3.77186748000000e+02
   3.54173033000000e+02
   3.66429111000000e+02
   3.70606161000000e+02
   3.73712903000000e+02
   3.80817694000000e+02
   3.77187666000000e+02
   3.72184872000000e+02
   3.72240461000000e+02
   3.69095647000000e+02
   3.79179598000000e+02
   3.76175600000000e+02
   3.77849463000000e+02
   3.76346555000000e+02
   3.77693381000000e+02
   3.63848815000000e+02
   3.55891449000000e+02
   3.73653445000000e+02
   3.71637108000000e+02
   3.71337233000000e+02
   3.77753227000000e+02
   3.79122532000000e+02
   3.76266417000000e+02
   3.70398601000000e+02
   3.67577283000000e+02
   3.64805173000000e+02
   3.73839232000000e+02
   3.60805645000000e+02
   3.61776247000000e+02
   3.64491914000000e+02
   3.68394175000000e+02
   3.71353876000000e+02
   3.58930955000000e+02
   3.63515923000000e+02
   3.66199939000000e+02
   3.57276930000000e+02
   3.56600750000000e+02
   3.56916005000000e+02
   3.67862694000000e+02
   3.64387232000000e+02
   3.55022851000000e+02
   3.73030430000000e+02
   3.65794121000000e+02
   3.73790045000000e+02
   3.75146118000000e+02
   3.65106880000000e+02
   3.67827532000000e+02
   3.69466551000000e+02
   3.74962577000000e+02
   3.61879592000000e+02
   3.68758713000000e+02
   3.61635498000000e+02
   3.67969775000000e+02
   3.69432736000000e+02
   3.74679545000000e+02
   3.60851721000000e+02
   3.68766933000000e+02
   3.58236005000000e+02
   3.66042606000000e+02
   3.68998136000000e+02
   3.60093809000000e+02
   3.69973731000000e+02
   3.64439320000000e+02
   3.59751457000000e+02
   3.70567710000000e+02
   3.62250275000000e+02
   3.71089407000000e+02
   3.74859809000000e+02
   3.69457792000000e+02
   3.71680880000000e+02
   3.72275591000000e+02
   3.50420382000000e+02
   3.61144323000000e+02
   3.62555377000000e+02
   3.69209699000000e+02
   3.62258493000000e+02
   3.71047420000000e+02
   3.72830288000000e+02
   3.57231334000000e+02
   3.62302308000000e+02
   3.69759664000000e+02
   3.60949618000000e+02
   3.71716661000000e+02
   3.69256628000000e+02
   3.76211690000000e+02
   3.58598206000000e+02
   3.76969606000000e+02
   3.76769799000000e+02
   3.78068234000000e+02
   3.66035164000000e+02
   3.76256951000000e+02
   3.67074267000000e+02
   3.66425906000000e+02
   3.77420755000000e+02
   3.77089206000000e+02
   3.71868044000000e+02
   3.71505619000000e+02
   3.71000341000000e+02
   3.70542426000000e+02
   3.63406651000000e+02
   3.68659563000000e+02
   3.74571223000000e+02
   3.66799314000000e+02
   3.81625857000000e+02
   3.79896347000000e+02
   3.80974058000000e+02
   3.73433293000000e+02
   3.67423147000000e+02
   3.70365798000000e+02
   3.60969346000000e+02
   3.80845074000000e+02
   3.72216973000000e+02
   3.71922171000000e+02
   3.63888313000000e+02
   3.64760748000000e+02
   3.70514233000000e+02
   3.69762745000000e+02
   3.75161765000000e+02
   3.65234213000000e+02
   3.66053696000000e+02
   3.73391942000000e+02
   3.68194548000000e+02
   3.50091869000000e+02
   3.61894363000000e+02
   3.46250848000000e+02
   3.61862205000000e+02
   3.66610704000000e+02
   3.56364313000000e+02
   3.67880204000000e+02
   3.54602637000000e+02
   3.63198754000000e+02
   3.71151210000000e+02
   3.67787893000000e+02
   3.65219793000000e+02
   3.50602382000000e+02
   3.68791413000000e+02
   3.54544957000000e+02
   3.54923564000000e+02
   3.67278783000000e+02
   3.66332723000000e+02
   3.64369632000000e+02
   3.51647702000000e+02
   3.62755026000000e+02
   3.58103080000000e+02
   3.63094891000000e+02
   3.31554325000000e+02
   3.52979602000000e+02
   3.32906689000000e+02
   3.37294121000000e+02
   3.37947631000000e+02
   3.49909176000000e+02
   3.46019190000000e+02
   3.37726550000000e+02
   3.44488330000000e+02
   3.39241062000000e+02
   3.42098381000000e+02
   3.34520802000000e+02
   3.39967747000000e+02
   3.38450689000000e+02
   3.44113197000000e+02
   3.43198521000000e+02
   3.31583480000000e+02
   3.37322362000000e+02
   3.37162512000000e+02
   3.43328090000000e+02
   3.45171124000000e+02
   3.30983458000000e+02
   3.38451292000000e+02
   3.30544829000000e+02
   3.24822185000000e+02
   3.30329049000000e+02
   3.38203386000000e+02
   3.35833887000000e+02
   3.43752826000000e+02
   3.37377056000000e+02
   3.34800276000000e+02
   3.36612750000000e+02
   3.33478028000000e+02
   3.37427183000000e+02
   3.30166224000000e+02
   3.31746466000000e+02
   3.38733126000000e+02
   3.31089489000000e+02
   3.14705243000000e+02
   3.24901150000000e+02
   3.28732812000000e+02
   3.32421997000000e+02
   3.34433233000000e+02
   3.22115569000000e+02
   3.31838685000000e+02
   3.10953453000000e+02
   3.30561040000000e+02
   3.26177847000000e+02
   3.21696701000000e+02
   3.20874423000000e+02
   3.21281996000000e+02
   3.11764578000000e+02
   3.17835986000000e+02
   3.28414153000000e+02
   3.21572074000000e+02
   3.06936155000000e+02
   3.16021308000000e+02
   3.14219254000000e+02
   3.18049584000000e+02
   3.22003574000000e+02
   3.27119490000000e+02
   3.17858480000000e+02
   3.07686334000000e+02
   2.99670923000000e+02
   3.28058076000000e+02
   3.14061044000000e+02
   3.18735079000000e+02
   3.10853427000000e+02
   3.04991602000000e+02
   3.21876368000000e+02
   3.11928687000000e+02
   2.94707545000000e+02
   3.04865323000000e+02
   2.94872263000000e+02
   2.99919461000000e+02
   3.14965803000000e+02
   3.15591771000000e+02
   3.02617655000000e+02
   3.06385667000000e+02
   2.97684580000000e+02
   3.01041920000000e+02
   2.92535156000000e+02
   3.06518259000000e+02
   2.94854281000000e+02
   3.10414347000000e+02
   3.05898370000000e+02
   3.08423438000000e+02
   3.11108483000000e+02
   3.12875374000000e+02
   3.05715857000000e+02
   3.08647698000000e+02
   2.97648306000000e+02
   3.05238106000000e+02
   2.95447995000000e+02
   2.84803691000000e+02
   2.96834961000000e+02
   3.10305896000000e+02
   3.09397968000000e+02
   3.11226380000000e+02
   2.96911764000000e+02
   2.96380887000000e+02
   3.04082382000000e+02
   3.05444683000000e+02
   3.03367649000000e+02
   3.10755735000000e+02
   3.03982253000000e+02
   2.99211847000000e+02
   3.04327802000000e+02
   2.95411598000000e+02
   3.04106633000000e+02
   3.06906248000000e+02
   3.12739963000000e+02
   2.94493373000000e+02
   3.04112121000000e+02
   2.94677880000000e+02
   2.93401055000000e+02
   3.10365957000000e+02
   3.10025997000000e+02
   3.08655334000000e+02
   3.07306980000000e+02
   3.05477622000000e+02
   3.01259995000000e+02
   3.05001711000000e+02
   2.99967595000000e+02
   3.09508845000000e+02
   3.08104582000000e+02
   3.06099930000000e+02
   3.02080746000000e+02
   3.02974536000000e+02
   3.10168894000000e+02
   3.13815020000000e+02
   3.08740511000000e+02
   3.13960106000000e+02
   3.15214409000000e+02
   3.08902760000000e+02
   2.85895650000000e+02
   3.09800580000000e+02
   3.04127120000000e+02
   2.96921303000000e+02
   3.13962386000000e+02
   3.03678049000000e+02
   3.05239413000000e+02
   2.98380566000000e+02
   3.02211987000000e+02
   3.00104762000000e+02
   3.25347847000000e+02
   3.22838288000000e+02
   3.25126164000000e+02
   3.17490739000000e+02
   3.04922803000000e+02
   3.08807279000000e+02
   3.04404077000000e+02
   3.16750917000000e+02
   3.14533640000000e+02
   3.02262896000000e+02
   3.20880294000000e+02
   3.13996864000000e+02
   3.13622829000000e+02
   3.17960005000000e+02
   2.99768002000000e+02
   3.08895337000000e+02
   3.13853133000000e+02
   3.08208858000000e+02
   3.16192319000000e+02
   3.10661582000000e+02
   3.06739956000000e+02
   3.18107629000000e+02
   3.20847530000000e+02
   3.30561073000000e+02
   3.27630744000000e+02
   3.18146711000000e+02
   3.32989290000000e+02
   3.40662221000000e+02
   3.53039040000000e+02
   3.68281939000000e+02
   3.68153935000000e+02
   3.64211704000000e+02
   3.70215605000000e+02
   3.79388877000000e+02
   3.81767538000000e+02
   3.96336028000000e+02
   3.73497125000000e+02
   3.81919211000000e+02
   3.81021887000000e+02
   3.94212751000000e+02
   3.96404462000000e+02
   3.93695395000000e+02
   3.93799052000000e+02
   3.93161438000000e+02
   3.87989968000000e+02
   3.78144372000000e+02
   3.82920749000000e+02
   3.99809270000000e+02
   3.79957858000000e+02
   3.86689542000000e+02
   3.86629538000000e+02
   3.82843330000000e+02
   3.80511091000000e+02
   3.75681539000000e+02
   3.79162028000000e+02
   3.86571233000000e+02
   3.82058411000000e+02
   4.03996316000000e+02
   3.89440442000000e+02
   3.97586188000000e+02
   4.10440141000000e+02
   4.13180062000000e+02
   4.09130794000000e+02
   3.93192589000000e+02
   4.10766357000000e+02
   4.07182209000000e+02
   4.13449649000000e+02
   4.12162022000000e+02
   4.02238234000000e+02
   4.11975676000000e+02
   4.00367373000000e+02
   4.05443820000000e+02
   3.95101780000000e+02
   3.89129609000000e+02
   4.13059777000000e+02
   4.04675739000000e+02
   4.05825708000000e+02
   4.06299388000000e+02
   3.95489617000000e+02
   3.95212234000000e+02
   3.84030314000000e+02
   3.91476074000000e+02
   3.81509139000000e+02
   3.95625769000000e+02
   4.00901185000000e+02
   3.82069145000000e+02
   3.87922527000000e+02
   4.06014356000000e+02
   4.24640111000000e+02
   4.31588563000000e+02
   4.34665723000000e+02
   4.35197326000000e+02
   4.37229698000000e+02
   4.16644165000000e+02
   4.08755283000000e+02
   4.15174474000000e+02
   4.21648433000000e+02
   4.12712078000000e+02
   3.96318331000000e+02
   3.80189845000000e+02
   3.69984460000000e+02
   3.61619483000000e+02
   3.61381512000000e+02
   3.60378026000000e+02
   3.63007799000000e+02
   3.65297796000000e+02
   3.70423326000000e+02
   3.78643171000000e+02
   3.84055325000000e+02
   3.91105390000000e+02
   3.98344250000000e+02
   4.03046966000000e+02
   4.07235839000000e+02
   4.07225029000000e+02
   4.04352512000000e+02
   4.03378197000000e+02
   4.10474195000000e+02
   3.98396660000000e+02
   4.14314339000000e+02
   4.07768504000000e+02
   4.09653798000000e+02
   3.90644024000000e+02
   3.92035053000000e+02
   4.12074599000000e+02
   4.15555609000000e+02
   4.12303481000000e+02
   4.01919171000000e+02
   4.00439621000000e+02
   4.00976899000000e+02
   4.03538775000000e+02
   3.90129506000000e+02
   3.91448410000000e+02
   3.91819754000000e+02
   4.01383735000000e+02
   3.88005327000000e+02
   3.80010985000000e+02
   3.78194887000000e+02
   3.69729491000000e+02
   3.78440730000000e+02
   3.83662201000000e+02
   3.75699145000000e+02
   3.78269786000000e+02
   3.75454348000000e+02
   3.62765988000000e+02
   3.71814955000000e+02
   3.67216865000000e+02
   3.74244438000000e+02
   3.59397621000000e+02
   3.53864585000000e+02
   3.63133658000000e+02
   3.47848566000000e+02
   3.50951987000000e+02
   3.55880909000000e+02
   3.49754488000000e+02
   3.49492670000000e+02
   3.41910748000000e+02
   3.42552482000000e+02
   3.36494028000000e+02
   3.39977536000000e+02
   3.36079504000000e+02
   3.27511989000000e+02
   3.24696507000000e+02
   3.36421262000000e+02
   3.32809030000000e+02
   3.32737529000000e+02
   3.20746093000000e+02
   3.27052567000000e+02
   3.09251336000000e+02
   3.17258711000000e+02
   3.09418531000000e+02
   3.10945607000000e+02
   3.11571078000000e+02
   3.14881528000000e+02
   3.19538888000000e+02
   3.25590845000000e+02
   3.01886709000000e+02
   3.02249099000000e+02
   2.98147213000000e+02
   3.03701763000000e+02
   3.23337330000000e+02
   3.11692149000000e+02
   3.12155485000000e+02
   3.07543094000000e+02
   3.15615765000000e+02
   3.05780125000000e+02
   3.18396454000000e+02
   3.02199071000000e+02
   3.21263251000000e+02
   2.99301382000000e+02
   3.09095689000000e+02
   3.04944760000000e+02
   3.20216152000000e+02
   3.16887097000000e+02
   3.18295205000000e+02
   3.12087061000000e+02
   3.06121801000000e+02
   3.17357734000000e+02
   2.93304378000000e+02
   2.98033073000000e+02
   2.91945510000000e+02
   2.82423316000000e+02
   2.92525027000000e+02
   2.91935280000000e+02
   2.75581918000000e+02
   2.86013597000000e+02
   2.89707565000000e+02
   2.94700865000000e+02
   2.93991109000000e+02
   2.95385010000000e+02
   3.07884096000000e+02
   2.94586091000000e+02
   2.94203595000000e+02
   2.95033942000000e+02
   3.04067290000000e+02
   3.14051283000000e+02
   3.12885289000000e+02
   3.12647508000000e+02
   3.08849689000000e+02
   3.05896018000000e+02
   3.08781002000000e+02
   2.96848915000000e+02
   3.12434679000000e+02
   3.05021930000000e+02
   3.08883890000000e+02
   2.93767470000000e+02
   2.99017500000000e+02
   3.01751561000000e+02
   2.79743465000000e+02
   2.84101697000000e+02
   2.91855534000000e+02
   2.88185623000000e+02
   2.80927286000000e+02
   2.87505949000000e+02
   2.66895073000000e+02
   2.73972475000000e+02
   2.59979577000000e+02
   2.70351181000000e+02
   2.81043879000000e+02
   2.70127265000000e+02
   2.73531596000000e+02
   2.76887630000000e+02
   2.67840490000000e+02
   2.66552999000000e+02
   2.82859674000000e+02
   2.87420104000000e+02
   2.84928625000000e+02
   2.80560834000000e+02
   2.84269247000000e+02
   2.72300903000000e+02
   2.67835440000000e+02
   2.65288780000000e+02
   2.67608699000000e+02
   2.59594365000000e+02
   2.49685574000000e+02
   2.50218521000000e+02
   2.43797406000000e+02
   2.43663155000000e+02
   2.47445946000000e+02
   2.30674984000000e+02
   2.27841303000000e+02
   2.46395997000000e+02
   2.55361975000000e+02
   2.58755256000000e+02
   2.42123596000000e+02
   2.45162513000000e+02
   2.39582071000000e+02
   2.33612465000000e+02
   2.22260753000000e+02
   2.39957805000000e+02
   2.39674117000000e+02
   2.39145236000000e+02
   2.44434426000000e+02
   2.24400155000000e+02
   2.36240420000000e+02
   2.32113681000000e+02
   2.18783427000000e+02
   2.18028416000000e+02
   2.16108257000000e+02
   2.34738149000000e+02
   2.35895462000000e+02
   2.31334436000000e+02
   2.31521409000000e+02
   2.28326633000000e+02
   2.24302502000000e+02
   2.28547528000000e+02
   2.25690818000000e+02
   2.22708183000000e+02
   2.27251919000000e+02
   2.24974342000000e+02
   2.03595344000000e+02
   2.05556370000000e+02
   2.16025112000000e+02
   2.08800185000000e+02
   2.10675774000000e+02
   2.06764398000000e+02
   2.11026033000000e+02
   2.08857082000000e+02
   2.07765249000000e+02
   2.08638845000000e+02
   1.90974925000000e+02
   1.93013105000000e+02
   2.03304084000000e+02
   1.95699406000000e+02
   1.92594521000000e+02
   1.87080029000000e+02
   1.99133609000000e+02
   1.87083189000000e+02
   1.81877313000000e+02
   1.85667187000000e+02
   1.80989246000000e+02
   1.88661163000000e+02
   1.78300560000000e+02
   1.81507916000000e+02
   1.92162669000000e+02
   1.79261135000000e+02
   1.89845214000000e+02
   1.78740999000000e+02
   1.91406423000000e+02
   1.73712404000000e+02
   1.80826448000000e+02
   1.85204285000000e+02
   1.73749067000000e+02
   1.72767977000000e+02
   1.67743855000000e+02
   1.80578277000000e+02
   1.70913217000000e+02
   1.76670275000000e+02
   1.78140924000000e+02
   1.67445717000000e+02
   1.72765620000000e+02
   1.70883474000000e+02
   1.63969390000000e+02
   1.61239603000000e+02
   1.58563526000000e+02
   1.55132312000000e+02
   1.60865333000000e+02
   1.70778029000000e+02
   1.58204001000000e+02
   1.66384039000000e+02
   1.65048760000000e+02
   1.51262013000000e+02
   1.66835937000000e+02
   1.54174058000000e+02
   1.61739154000000e+02
   1.48531506000000e+02
   1.68615637000000e+02
   1.58130196000000e+02
   1.60662384000000e+02
   1.57411504000000e+02
   1.62403897000000e+02
   1.55270856000000e+02
   1.64424377000000e+02
   1.63174186000000e+02
   1.75403919000000e+02
   1.61570689000000e+02
   1.48730007000000e+02
   1.53779552000000e+02
   1.56538890000000e+02
   1.50491525000000e+02
   1.57312916000000e+02
   1.56000138000000e+02
   1.56590613000000e+02
   1.43235591000000e+02
   1.46257603000000e+02
   1.46913723000000e+02
   1.46856136000000e+02
   1.56780614000000e+02
   1.49934058000000e+02
   1.54840439000000e+02
   1.55292220000000e+02
   1.59082583000000e+02
   1.46841184000000e+02
   1.54004707000000e+02
   1.59546658000000e+02
   1.42792495000000e+02
   1.49503542000000e+02
   1.59444250000000e+02
   1.45522389000000e+02
   1.50978262000000e+02
   1.54664514000000e+02
   1.48639800000000e+02
   1.61528473000000e+02
   1.55149557000000e+02
   1.40140297000000e+02
   1.47885271000000e+02
   1.54473057000000e+02
   1.44798355000000e+02
   1.65936525000000e+02
   1.46184157000000e+02
   1.47832492000000e+02
   1.50601838000000e+02
   1.38338646000000e+02
   1.36353481000000e+02
   1.35592868000000e+02
   1.52572427000000e+02
   1.36318941000000e+02
   1.38453813000000e+02
   1.47969797000000e+02
   1.43171726000000e+02
   1.43340392000000e+02
   1.45374339000000e+02
   1.35764108000000e+02
   1.35327113000000e+02
   1.33870863000000e+02
   1.26683265000000e+02
   1.49256485000000e+02
   1.39553876000000e+02
   1.48063078000000e+02
   1.42309890000000e+02
   1.26134419000000e+02
   1.31869609000000e+02
   1.44605698000000e+02
   1.28174182000000e+02
   1.32534830000000e+02
   1.38776426000000e+02
   1.45700448000000e+02
   1.25280098000000e+02
   1.40234670000000e+02
   1.29599831000000e+02
   1.36367264000000e+02
   1.46453251000000e+02
   1.41316491000000e+02
   1.49179640000000e+02
   1.44509506000000e+02
   1.49267314000000e+02
   1.33192030000000e+02
   1.37740166000000e+02
   1.34023690000000e+02
   1.34482822000000e+02
   1.55659191000000e+02
   1.49447993000000e+02
   1.34334496000000e+02
   1.41328284000000e+02
   1.42101018000000e+02
   1.49752852000000e+02
   1.44952174000000e+02
   1.43706328000000e+02
   1.39289973000000e+02
   1.38502453000000e+02
   1.46815288000000e+02
   1.35607093000000e+02
   1.52575661000000e+02
   1.38052148000000e+02
   1.47922390000000e+02
   1.32504425000000e+02
   1.44145572000000e+02
   1.30325150000000e+02
   1.52539295000000e+02
   1.31828332000000e+02
   1.42096422000000e+02
   1.51196067000000e+02
   1.34225465000000e+02
   1.41165079000000e+02
   1.27862662000000e+02
   1.33214440000000e+02
   1.25753008000000e+02
   1.35667781000000e+02
   1.30118505000000e+02
   1.44731424000000e+02
   1.30886041000000e+02
   1.41064765000000e+02
   1.40485684000000e+02
   1.25181960000000e+02
   1.28233518000000e+02
   1.35246961000000e+02
   1.39284507000000e+02
   1.21786225000000e+02
   1.34933740000000e+02
   1.25341264000000e+02
   1.30240737000000e+02
   1.41643285000000e+02
   1.31646774000000e+02
   1.34399609000000e+02
   1.37054853000000e+02
   1.25695529000000e+02
   1.27606543000000e+02
   1.31242585000000e+02
   1.39907247000000e+02
   1.44210636000000e+02
   1.31955873000000e+02
   1.27839618000000e+02
   1.35242648000000e+02
   1.27907592000000e+02
   1.42840687000000e+02
   1.34779972000000e+02
   1.43583248000000e+02
   1.29248634000000e+02
   1.27501158000000e+02
   1.29731821000000e+02
   1.30597000000000e+02
   1.30284873000000e+02
   1.37125541000000e+02
   1.40136196000000e+02
   1.39679555000000e+02
   1.36869936000000e+02
   1.38291960000000e+02
   1.41286920000000e+02
   1.30846470000000e+02
   1.49398829000000e+02
   1.40113380000000e+02
   1.35312711000000e+02
   1.37682933000000e+02
   1.37542120000000e+02
   1.43436171000000e+02
   1.46259782000000e+02
   1.56000709000000e+02
   1.44853922000000e+02
   1.47739428000000e+02
   1.49315286000000e+02
   1.39020137000000e+02
   1.62732247000000e+02
   1.50828322000000e+02
   1.52085703000000e+02
   1.57033009000000e+02
   1.59485191000000e+02
   1.40713608000000e+02
   1.54884563000000e+02
   1.43018772000000e+02
   1.56540396000000e+02
   1.65111039000000e+02
   1.47695030000000e+02
   1.51981837000000e+02
   1.52525986000000e+02
   1.50278270000000e+02
   1.56592010000000e+02
   1.66512042000000e+02
   1.62912899000000e+02
   1.75595095000000e+02
   1.58921927000000e+02
   1.60767691000000e+02
   1.68598905000000e+02
   1.58897161000000e+02
   1.65390812000000e+02
   1.75570791000000e+02
   1.66801953000000e+02
   1.62040277000000e+02
   1.71771175000000e+02
   1.67546140000000e+02
   1.65116864000000e+02
   1.85381033000000e+02
   1.78090724000000e+02
   1.70345793000000e+02
   1.65813684000000e+02
   1.75808994000000e+02
   1.70108278000000e+02
   1.77056352000000e+02
   1.87200466000000e+02
   1.94254181000000e+02
   1.82556980000000e+02
   1.84124395000000e+02
   1.94072099000000e+02
   1.88931427000000e+02
   1.77734908000000e+02
   1.83742119000000e+02
   2.06409757000000e+02
   1.86352454000000e+02
   1.91398474000000e+02
   1.89827403000000e+02
   1.90795746000000e+02
   2.00464299000000e+02
   1.89279603000000e+02
   2.08701222000000e+02
   2.00247287000000e+02
   2.06332763000000e+02
   1.98236954000000e+02
   2.15346499000000e+02
   2.17166049000000e+02
   1.97663039000000e+02
   1.89655582000000e+02
   1.92023288000000e+02
   1.88782936000000e+02
   1.92035203000000e+02
   1.92410887000000e+02
   2.04315759000000e+02
   2.00927794000000e+02
   2.14158489000000e+02
   1.96603606000000e+02
   1.98829164000000e+02
   1.99204696000000e+02
   2.04650226000000e+02
   2.03274195000000e+02
   2.12372824000000e+02
   2.17349025000000e+02
   2.03716643000000e+02
   2.16138551000000e+02
   2.15946859000000e+02
   2.06174419000000e+02
   2.15769857000000e+02
   2.17707335000000e+02
   2.34316740000000e+02
   2.35269949000000e+02
   2.22287383000000e+02
   2.34765692000000e+02
   2.25590019000000e+02
   2.31180267000000e+02
   2.45580385000000e+02
   2.30405464000000e+02
   2.24511082000000e+02
   2.23826415000000e+02
   2.23892397000000e+02
   2.33318411000000e+02
   2.37652987000000e+02
   2.27457453000000e+02
   2.33293005000000e+02
   2.25192877000000e+02
   2.27141540000000e+02
   2.29030407000000e+02
   2.35123121000000e+02
   2.32650671000000e+02
   2.42585804000000e+02
   2.43608519000000e+02
   2.33275087000000e+02
   2.50189255000000e+02
   2.36650319000000e+02
   2.45940694000000e+02
   2.37764192000000e+02
   2.56647261000000e+02
   2.44183912000000e+02
   2.46190067000000e+02
   2.40776713000000e+02
   2.40743287000000e+02
   2.40862526000000e+02
   2.47132235000000e+02
   2.66436210000000e+02
   2.63241564000000e+02
   2.45877076000000e+02
   2.49316698000000e+02
   2.53639075000000e+02
   2.48263586000000e+02
   2.53885726000000e+02
   2.69509279000000e+02
   2.60428303000000e+02
   2.52596339000000e+02
   2.71022714000000e+02
   2.56139449000000e+02
   2.56800354000000e+02
   2.73005624000000e+02
   2.84370734000000e+02
   2.74406478000000e+02
   2.60683571000000e+02
   2.72960295000000e+02
   2.61155427000000e+02
   2.61713984000000e+02
   2.78840020000000e+02
   2.75146850000000e+02
   2.75338280000000e+02
   2.63441584000000e+02
   2.63922551000000e+02
   2.65718013000000e+02
   2.77272299000000e+02
   2.71057849000000e+02
   2.71740806000000e+02
   2.70514575000000e+02
   2.78297922000000e+02
   2.68481798000000e+02
   2.74758344000000e+02
   2.73209207000000e+02
   2.82316346000000e+02
   3.06410371000000e+02
   2.66813592000000e+02
   2.47578191000000e+02
   2.84294138000000e+02
   3.12133071000000e+02
   3.20668655000000e+02
   3.19517996000000e+02
   3.21202996000000e+02
   3.23809699000000e+02
   3.24823351000000e+02
   3.25929069000000e+02
   3.18769029000000e+02
   3.19105959000000e+02
   3.19292703000000e+02
   3.18810944000000e+02
   3.19323864000000e+02
   3.17655860000000e+02
   3.23787424000000e+02
   3.24217740000000e+02
   3.18643031000000e+02
   3.18517730000000e+02
   3.21770368000000e+02
   3.21532309000000e+02
   3.22175388000000e+02
   3.21579319000000e+02
   3.24887612000000e+02
